Order ID,Order Date,Customer ID,Customer Name,City,Region,Category,Quantity,Sales,Profit
ORD-100000,2024-08-10,CUST-2824,Jeffrey Jacobs,Velezburgh,East,Furniture,7,238.76,34.49
ORD-100001,2024-02-28,CUST-1409,Jacob Walker,South Alyssamouth,West,Office Supplies,4,675.17,159.79
ORD-100002,2024-08-26,CUST-5506,Jennifer Baker,East Anthonyburgh,North,Office Supplies,8,29.51,3.49
ORD-100003,2023-11-26,CUST-5012,Maxwell Reed,Penamouth,East,Technology,5,113.07,20.42
ORD-100004,2024-11-04,CUST-4657,Nicole Cox,Masonshire,South,Furniture,7,801.92,-96.2
ORD-100005,2024-09-25,CUST-3286,Aaron Duncan,West Brookeburgh,North,Technology,3,186.76,5.75
ORD-100006,2024-11-28,CUST-2679,Jamie Nguyen,East Ernest,East,Furniture,7,656.22,-128.18
ORD-100007,2024-07-03,CUST-9935,Jessica Pitts,West Michelle,East,Furniture,8,245.8,-18.84
ORD-100008,2024-03-27,CUST-2424,Suzanne Johnston,Johnsonstad,West,Office Supplies,5,108.45,17.7
ORD-100009,2025-06-07,CUST-7912,Elizabeth Estrada,North Luke,South,Furniture,4,250.74,74.2
ORD-100010,2024-03-11,CUST-1520,Collin Anderson,New Mandyburgh,South,Office Supplies,8,725.04,-109.05
ORD-100011,2024-06-02,CUST-1488,Bethany Rodriguez,Wilsonfort,South,Office Supplies,8,857.14,0.64
ORD-100012,2025-02-20,CUST-2535,Jessica Burch,West Amandashire,East,Furniture,3,831.92,166.41
ORD-100013,2025-01-08,CUST-4582,Taylor Owens,New Heidi,East,Furniture,6,403.21,-39.51
ORD-100014,2023-11-24,CUST-4811,Sean Russo,Port Jodiport,South,Technology,5,671.4,52.06
ORD-100015,2025-07-04,CUST-9279,Jason Watts,Daltonside,East,Technology,2,212.93,35.46
ORD-100016,2024-07-11,CUST-1434,Deanna Wolfe,Wardmouth,West,Technology,8,300.22,32.42
ORD-100017,2025-05-24,CUST-4257,Christopher White,Andrewshire,East,Office Supplies,6,897.37,-95.11
ORD-100018,2024-07-05,CUST-9928,Mitchell Gordon,Lanceberg,East,Office Supplies,2,22.87,-0.51
ORD-100019,2025-04-19,CUST-7873,Amy Hernandez,Smithland,North,Office Supplies,5,94.65,18.16
ORD-100020,2025-04-26,CUST-4611,Hunter Galvan,West Henry,West,Office Supplies,1,215.81,16.64
ORD-100021,2024-08-28,CUST-8359,Carol Doyle,Christopherhaven,North,Office Supplies,6,36.27,-7.16
ORD-100022,2024-09-13,CUST-5557,Jonathan Turner,South Linda,South,Office Supplies,9,189.62,34.23
ORD-100023,2024-10-24,CUST-1106,James Gonzalez,Patrickfurt,South,Furniture,1,587.21,-107.07
ORD-100024,2023-10-01,CUST-3615,Jessica Kaiser,Christinaport,West,Technology,3,427.21,73.85
ORD-100025,2024-02-11,CUST-7924,Virginia Hansen,Bryanville,East,Technology,7,893.74,-88.27
ORD-100026,2024-12-15,CUST-6574,Sarah Estrada,New Julieville,North,Technology,4,819.27,228.61
ORD-100027,2024-01-29,CUST-5552,Steven Nguyen,Brianborough,West,Furniture,9,348.4,-5.58
ORD-100028,2025-01-26,CUST-3547,Barry Alvarez,West Michaelland,North,Technology,3,266.83,-9.75
ORD-100029,2024-04-21,CUST-4527,Karen Carey,Jasonside,East,Office Supplies,5,385.9,-48.45
ORD-100030,2024-07-19,CUST-6514,Leah Bell,Wheelerport,North,Furniture,3,594.39,-28.05
ORD-100031,2024-10-23,CUST-2674,Anthony Harris,Jessicamouth,West,Furniture,7,275.38,65.63
ORD-100032,2023-12-25,CUST-2519,Michael Anderson,Davidfurt,East,Technology,5,627.91,187.22
ORD-100033,2024-06-12,CUST-7224,Andrea Aguirre,Mossville,East,Office Supplies,9,415.32,-6.58
ORD-100034,2024-05-07,CUST-2584,Joshua Snyder,Diazmouth,West,Technology,7,556.53,13.53
ORD-100035,2024-11-02,CUST-6881,Samantha May,South Tylertown,East,Furniture,2,441.77,71.14
ORD-100036,2024-09-08,CUST-6635,Cathy Fritz,Jasonmouth,North,Technology,4,301.52,73.3
ORD-100037,2024-03-05,CUST-5333,Brian Wise,Port Gary,South,Furniture,9,948.97,91.6
ORD-100038,2025-01-01,CUST-1711,Victor Franklin,Tamaraborough,West,Furniture,2,765.97,-3.25
ORD-100039,2023-11-25,CUST-8527,Nicole Ball,New Steven,North,Furniture,9,148.71,0.94
ORD-100040,2024-10-08,CUST-9785,Lee Parker,Lloydville,East,Office Supplies,5,869.78,128.56
ORD-100041,2025-02-08,CUST-3045,Sandra Reyes,Port Arthur,South,Office Supplies,2,492.56,-97.72
ORD-100042,2024-01-25,CUST-7201,Martin Velez,Bradleymouth,North,Technology,4,895.61,98.33
ORD-100043,2024-05-13,CUST-2291,Laura Thomas,Susanfurt,West,Technology,7,801.86,-17.84
ORD-100044,2025-03-21,CUST-5803,Patrick Fleming,Hammondside,East,Technology,8,430.96,84.94
ORD-100045,2024-03-12,CUST-6925,James Hodge,New Johnmouth,West,Office Supplies,3,32.24,-4.95
ORD-100046,2025-01-21,CUST-4150,Lindsey Cooper,Lake Sharonton,North,Technology,1,275.99,25.97
ORD-100047,2024-08-20,CUST-2139,Kayla Hall,North David,South,Office Supplies,4,546.22,22.11
ORD-100048,2024-10-28,CUST-1750,Evan Cochran,East Williamshire,North,Furniture,2,637.14,77.2
ORD-100049,2025-03-04,CUST-4733,Tabitha Cole,Stevenmouth,North,Furniture,8,265.31,-44.46
ORD-100050,2025-05-21,CUST-5741,Nathaniel Ramsey,Port Kaitlin,East,Office Supplies,4,147.96,13.32
ORD-100051,2025-06-06,CUST-2307,Erin Chavez,Port Danielborough,West,Office Supplies,2,836.58,67.55
ORD-100052,2024-02-23,CUST-4814,James Hogan,West Matthewfurt,North,Furniture,6,984.56,79.09
ORD-100053,2023-08-22,CUST-2654,Katherine Davidson,Adammouth,North,Office Supplies,6,530.43,53.97
ORD-100054,2024-09-20,CUST-7227,Kenneth Lee,Lake William,South,Furniture,4,179.96,24.88
ORD-100055,2023-07-11,CUST-5554,Victoria Hamilton,Welchfurt,South,Technology,6,279.58,56.61
ORD-100056,2025-05-09,CUST-8428,Mark Velasquez,Hallhaven,West,Furniture,2,28.21,-1.84
ORD-100057,2024-09-01,CUST-6977,Joseph Newton,West Justin,West,Furniture,2,915.16,194.49
ORD-100058,2024-02-08,CUST-3664,Debra Knight,South Garyfurt,East,Technology,4,126.57,6.22
ORD-100059,2025-04-29,CUST-7065,Rhonda Martin,Davilamouth,West,Office Supplies,8,580.75,-93.77
ORD-100060,2024-10-11,CUST-6820,Trevor Gutierrez,East Emilyborough,South,Technology,7,281.31,-48.03
ORD-100061,2024-11-03,CUST-4432,Timothy Walker,Coleberg,West,Furniture,9,558.64,-18.37
ORD-100062,2023-08-12,CUST-5374,Gina Glass,Nelsontown,North,Furniture,8,654.91,126.04
ORD-100063,2024-05-23,CUST-2169,Michael Owens,Jerryton,West,Furniture,5,831.44,127.91
ORD-100064,2024-03-26,CUST-3803,Leah West,Richardsonfort,West,Furniture,2,214.36,41.65
ORD-100065,2024-08-03,CUST-9751,Calvin Martin,South Vanessashire,East,Furniture,5,20.89,1.22
ORD-100066,2025-05-14,CUST-5010,Robert Price,Lake Donnaside,North,Technology,8,145.52,2.92
ORD-100067,2025-01-11,CUST-3677,Jennifer Ramirez,Lesterchester,East,Furniture,9,901.02,-113.78
ORD-100068,2025-03-03,CUST-8573,Mark Thomas,North Stephanieville,South,Office Supplies,9,875.15,-31.42
ORD-100069,2024-03-05,CUST-7216,Matthew Logan,Port Becky,West,Technology,1,601.44,10.23
ORD-100070,2024-01-07,CUST-5422,Brandon Reed,Port Nicole,West,Technology,9,604.51,-94.12
ORD-100071,2025-05-23,CUST-4598,Sydney Lowery,East Christopher,South,Technology,7,668.39,-59.95
ORD-100072,2024-08-26,CUST-6313,Mrs. Dawn Ross MD,Rhondamouth,East,Furniture,9,183.62,18.2
ORD-100073,2023-11-10,CUST-1916,Shannon Howe,East Ashley,North,Furniture,8,915.27,153.61
ORD-100074,2023-09-20,CUST-4752,Alexander Hayden,West Lisa,East,Technology,1,424.58,127.02
ORD-100075,2024-02-24,CUST-1525,Melanie Sullivan,Tammyhaven,East,Furniture,8,389.31,103.77
ORD-100076,2023-07-25,CUST-6168,James Davidson,Port Kathyberg,North,Office Supplies,8,523.73,63.52
ORD-100077,2023-09-02,CUST-7572,Megan Russo,Gonzaleztown,West,Office Supplies,3,56.5,0.6
ORD-100078,2024-04-17,CUST-5386,Mary Alvarado,Port Jefferymouth,East,Furniture,1,174.62,20.62
ORD-100079,2023-11-23,CUST-2084,Allison Conrad,Sawyerborough,South,Technology,8,740.65,142.82
ORD-100080,2023-11-22,CUST-4456,Jeffrey Bowman,East Shawnbury,North,Furniture,3,91.97,-12.95
ORD-100081,2023-07-18,CUST-6155,Cody Melton,East Daniel,West,Furniture,3,607.12,3.01
ORD-100082,2024-08-19,CUST-4483,Matthew Carter,West Thomasbury,North,Furniture,1,252.9,55.61
ORD-100083,2024-08-21,CUST-9179,Marc Johnson,East Randall,South,Technology,5,395.4,-3.2
ORD-100084,2024-09-18,CUST-7482,Cody Clark,Savagebury,North,Office Supplies,7,295.81,25.42
ORD-100085,2024-12-05,CUST-8517,James Reid,North Adam,North,Furniture,9,362.12,34.0
ORD-100086,2024-04-14,CUST-3340,David Little,Christinaside,East,Technology,7,721.86,-77.79
ORD-100087,2025-02-12,CUST-5339,Bruce Robbins,North Lindaport,South,Technology,9,304.15,-5.74
ORD-100088,2025-01-29,CUST-3287,Michael Davis,Diazchester,South,Office Supplies,8,570.74,-18.69
ORD-100089,2024-05-19,CUST-5040,Carolyn King,Webbtown,South,Technology,2,481.29,-89.95
ORD-100090,2024-03-09,CUST-9830,Allen Harvey,Trujillofurt,North,Technology,1,667.03,-125.34
ORD-100091,2024-08-25,CUST-5304,Derek Nguyen,Burkehaven,South,Technology,7,937.46,202.35
ORD-100092,2025-02-07,CUST-8019,Philip Blair,Espinozahaven,South,Office Supplies,7,735.25,-46.66
ORD-100093,2025-01-15,CUST-7543,Jerry Rios,Kevintown,South,Furniture,8,222.79,13.15
ORD-100094,2025-06-14,CUST-6930,Kevin Smith,Port Dianaborough,East,Office Supplies,5,40.87,-2.07
ORD-100095,2025-05-29,CUST-4593,Michael Jackson,West Elizabeth,South,Furniture,3,269.64,72.89
ORD-100096,2024-07-30,CUST-3266,Holly Martin,Gomezport,North,Technology,8,599.13,-42.15
ORD-100097,2025-06-03,CUST-9348,Patricia Nelson,North Heather,East,Technology,6,60.91,0.9
ORD-100098,2025-06-13,CUST-9085,Michelle Johnson,Vargasland,South,Furniture,3,501.4,118.51
ORD-100099,2025-03-27,CUST-2489,Amber Black,Torresside,South,Office Supplies,1,600.87,132.77
ORD-100100,2024-02-07,CUST-1771,Dawn Jenkins,New Davidmouth,East,Office Supplies,3,340.9,-36.46
ORD-100101,2024-11-10,CUST-2796,Angel Berger,South Jasonmouth,South,Office Supplies,5,773.2,155.66
ORD-100102,2025-06-18,CUST-3504,Victoria Cox,West Sharontown,North,Furniture,3,115.53,3.36
ORD-100103,2023-10-02,CUST-3621,Barbara Myers,East Krystalborough,North,Technology,1,84.39,3.5
ORD-100104,2024-11-07,CUST-7916,Carl Solomon,Port Megan,South,Technology,5,730.91,-97.4
ORD-100105,2025-02-13,CUST-2040,Victoria Sanchez,Port Rachelstad,North,Technology,7,500.54,-79.94
ORD-100106,2024-08-23,CUST-7304,Kristopher Owens,Waltersport,East,Furniture,7,691.52,113.39
ORD-100107,2025-06-17,CUST-7252,Lisa Kim,Anthonybury,South,Technology,9,440.48,21.24
ORD-100108,2025-02-13,CUST-8668,Teresa Wolf,North Rebecca,East,Technology,3,253.94,4.68
ORD-100109,2023-09-17,CUST-9669,Karen Garcia,East Jamesborough,North,Office Supplies,7,820.91,135.25
ORD-100110,2025-05-17,CUST-5119,Karen Thomas,South Donaldtown,South,Technology,1,801.42,146.46
ORD-100111,2024-04-08,CUST-1188,Jenna Sanchez,North Paulton,East,Office Supplies,4,697.75,-84.11
ORD-100112,2024-09-26,CUST-2876,Charlene Smith,West Ashlee,North,Furniture,4,279.42,29.37
ORD-100113,2024-03-05,CUST-9797,Eric Garcia,Port Darrellbury,South,Office Supplies,5,594.33,-78.64
ORD-100114,2023-09-01,CUST-5371,Elizabeth Howell,Lake Daniellemouth,West,Technology,7,367.36,64.54
ORD-100115,2023-08-25,CUST-6573,Julia Bowman,Josephstad,North,Technology,7,100.67,12.93
ORD-100116,2024-04-24,CUST-2827,Tonya Walker,Port Joseph,North,Office Supplies,4,918.14,255.53
ORD-100117,2024-05-16,CUST-5808,Elizabeth Martinez,Alexfurt,West,Technology,7,145.45,-24.08
ORD-100118,2023-09-10,CUST-8123,Alexis Walker,Kaylamouth,West,Office Supplies,3,950.73,-163.02
ORD-100119,2024-10-09,CUST-3591,Elizabeth Frazier,Randyburgh,East,Technology,6,451.55,-26.6
ORD-100120,2025-05-27,CUST-8433,Brad Adams,Vargaschester,North,Office Supplies,2,193.28,-13.36
ORD-100121,2023-08-25,CUST-1053,Lauren Winters,Darleneton,West,Office Supplies,9,546.48,-41.81
ORD-100122,2023-12-05,CUST-5315,John Bell,Palmermouth,South,Furniture,5,874.22,221.29
ORD-100123,2025-04-11,CUST-9201,Tasha Andrews,Littlechester,North,Office Supplies,6,734.9,-55.28
ORD-100124,2024-01-03,CUST-3927,Terri Oconnor,Lindseyborough,East,Office Supplies,4,808.5,-51.76
ORD-100125,2024-01-30,CUST-9317,Vincent Smith,Port Troy,West,Furniture,7,662.2,119.0
ORD-100126,2023-10-05,CUST-2743,Nichole Rose,South Robin,North,Technology,9,695.35,17.29
ORD-100127,2023-07-12,CUST-5889,Michelle Weeks,Nicoleborough,North,Office Supplies,7,850.7,160.23
ORD-100128,2025-06-02,CUST-9317,Jeremy Campbell,Michellestad,West,Furniture,1,257.17,-43.03
ORD-100129,2024-06-30,CUST-4258,Christine Moreno,Julieton,West,Furniture,1,494.53,21.65
ORD-100130,2023-11-03,CUST-3504,Melanie Wilson,West John,West,Office Supplies,9,229.0,-41.95
ORD-100131,2024-02-15,CUST-7126,Kelli Daniels,Sarachester,North,Technology,9,987.79,-166.61
ORD-100132,2025-05-29,CUST-3646,Loretta Melton,Briannaport,West,Furniture,4,944.62,239.2
ORD-100133,2025-01-13,CUST-9837,Carolyn Baxter,Mejiashire,West,Office Supplies,9,49.03,-6.39
ORD-100134,2025-04-16,CUST-9689,Mindy Diaz,North Omar,North,Furniture,3,708.52,46.91
ORD-100135,2024-05-01,CUST-1009,Fernando Gomez,Jacksonfurt,North,Technology,7,926.0,5.14
ORD-100136,2023-12-10,CUST-6310,Kevin Dorsey,Sandraland,East,Office Supplies,6,188.77,-4.97
ORD-100137,2024-06-20,CUST-9005,Mary Reyes,Reneefurt,South,Office Supplies,8,572.27,143.02
ORD-100138,2024-04-13,CUST-1319,Rachel Little,Jessicaport,North,Technology,9,916.33,-173.27
ORD-100139,2024-07-06,CUST-2832,James Lopez,Janetfurt,South,Technology,5,43.61,5.75
ORD-100140,2025-04-27,CUST-6947,Joseph Chase,Garnerland,East,Furniture,1,700.45,197.31
ORD-100141,2023-09-26,CUST-6038,Andrew Hendricks,Johnmouth,East,Office Supplies,3,304.38,24.38
ORD-100142,2024-04-25,CUST-4923,Andrew Bradley,North Victor,West,Furniture,8,925.15,248.32
ORD-100143,2025-02-26,CUST-1949,Lisa Jordan,Carlosbury,East,Office Supplies,6,971.35,-168.89
ORD-100144,2025-04-23,CUST-4946,Susan Brown,Mitchellmouth,West,Furniture,8,944.82,8.88
ORD-100145,2025-01-05,CUST-2290,Julie Allen,East Kristenshire,West,Office Supplies,9,479.47,-33.53
ORD-100146,2025-04-30,CUST-2403,Mary Khan,Lake Jasminport,North,Technology,4,863.42,142.82
ORD-100147,2023-10-11,CUST-8962,Phillip Carter,East Stephanie,North,Furniture,1,846.1,245.92
ORD-100148,2023-09-10,CUST-2133,Deborah Fisher,North Markbury,South,Office Supplies,1,325.91,-23.38
ORD-100149,2025-03-16,CUST-9727,Joseph Thomas,New Patrickburgh,West,Office Supplies,4,830.63,105.56
ORD-100150,2024-06-11,CUST-3060,Lisa Taylor,Lauratown,West,Furniture,7,46.64,-4.71
ORD-100151,2023-11-08,CUST-3103,Kim Ortiz,New Wanda,South,Technology,2,600.31,49.62
ORD-100152,2023-10-05,CUST-8787,Suzanne Perez,West Chadshire,West,Technology,3,237.71,7.6
ORD-100153,2023-12-06,CUST-3705,Jerome Hart,North Theresaton,East,Furniture,1,129.36,37.0
ORD-100154,2023-10-23,CUST-5342,Michael Simmons,East Clarencehaven,West,Furniture,5,86.18,8.99
ORD-100155,2024-05-12,CUST-9645,Heather Griffith,Joshuamouth,West,Office Supplies,1,699.33,-17.66
ORD-100156,2024-11-19,CUST-7932,Christina Burton,North Jeffreyborough,West,Office Supplies,8,346.48,-49.53
ORD-100157,2023-07-13,CUST-4470,Shannon Taylor,Williamsmouth,North,Technology,1,727.52,-90.49
ORD-100158,2025-03-19,CUST-9835,Julie Chandler,Cuevasshire,East,Technology,1,74.7,-6.52
ORD-100159,2024-08-25,CUST-4295,Anna Ward,Shawnshire,West,Technology,2,322.14,-24.0
ORD-100160,2024-11-23,CUST-6107,Maureen Kennedy,South Johnbury,East,Furniture,2,544.1,122.59
ORD-100161,2024-11-17,CUST-7537,Matthew Bryant,Higginshaven,East,Furniture,6,792.82,63.91
ORD-100162,2023-12-27,CUST-7118,Kristen Williams,New Kristenborough,East,Furniture,7,325.56,20.09
ORD-100163,2024-10-30,CUST-8177,Doris Russell,Scottbury,South,Technology,5,629.63,-89.8
ORD-100164,2023-12-03,CUST-9479,Madison Lopez,New Vincentborough,West,Technology,1,887.12,204.1
ORD-100165,2025-02-28,CUST-8397,Christine Townsend,Lake Kathleen,North,Technology,1,619.7,100.02
ORD-100166,2023-08-27,CUST-2982,Kenneth Reyes,South Antonio,North,Technology,3,240.63,-39.98
ORD-100167,2025-04-29,CUST-5061,Joshua Torres,Port Mikayla,North,Furniture,2,34.16,5.26
ORD-100168,2024-12-31,CUST-4681,Kaitlyn Robinson,East Ryan,North,Office Supplies,5,871.4,62.54
ORD-100169,2024-11-19,CUST-2049,Robert Odom,Port Alyssa,West,Furniture,6,31.06,-4.94
ORD-100170,2023-08-13,CUST-6539,Diana Hawkins,Kristinhaven,North,Office Supplies,7,875.95,25.53
ORD-100171,2024-11-19,CUST-1344,Joshua Walker,South Waynemouth,East,Office Supplies,4,533.65,22.6
ORD-100172,2024-02-06,CUST-4770,Christy Howard,East Melissa,South,Furniture,7,939.68,-110.05
ORD-100173,2024-02-12,CUST-4608,Alicia Rodriguez,Port Veronica,North,Furniture,8,800.8,218.5
ORD-100174,2024-09-12,CUST-1117,Michael Davis,North Savannah,East,Furniture,1,997.95,224.53
ORD-100175,2025-05-15,CUST-2163,Maria Zavala,Christopherborough,North,Technology,6,357.2,48.05
ORD-100176,2025-05-28,CUST-1964,Bethany Velazquez,Traceyside,West,Furniture,8,769.52,23.97
ORD-100177,2024-11-06,CUST-4750,Jerry Melendez,North Tanner,East,Technology,5,407.91,2.4
ORD-100178,2024-08-01,CUST-2104,Elizabeth Marshall,Tiffanyside,West,Office Supplies,4,485.08,60.87
ORD-100179,2024-03-06,CUST-1514,Maria Taylor,South Scott,North,Furniture,2,631.23,45.9
ORD-100180,2025-05-03,CUST-6413,Alison Cervantes,East Melissamouth,East,Technology,6,874.94,-147.75
ORD-100181,2024-10-15,CUST-2160,Elizabeth Jones,Port Jacquelineborough,East,Technology,6,984.24,55.36
ORD-100182,2024-12-11,CUST-9423,Jackie Martinez,Lake Jeffrey,East,Technology,1,770.59,156.59
ORD-100183,2023-10-28,CUST-4899,John Roberts,Smithbury,North,Furniture,9,423.59,12.55
ORD-100184,2025-04-04,CUST-5562,Crystal Weber,Laneberg,South,Office Supplies,6,427.14,-74.33
ORD-100185,2024-04-11,CUST-8953,Shelly Bush,North Kenneth,South,Furniture,3,740.21,142.96
ORD-100186,2024-11-14,CUST-4510,Malik Thomas,Tuckerport,West,Technology,4,246.39,-24.47
ORD-100187,2024-01-03,CUST-9834,Kevin Gomez,Colemanborough,South,Office Supplies,4,119.37,-8.44
ORD-100188,2024-03-15,CUST-3167,Jake Dean,Laurieshire,North,Office Supplies,3,361.08,-42.48
ORD-100189,2024-12-13,CUST-8744,David Gordon,South Melissabury,East,Office Supplies,3,294.37,-10.27
ORD-100190,2025-06-28,CUST-4981,Keith Ward,Nicholasmouth,East,Office Supplies,3,303.35,54.11
ORD-100191,2023-12-20,CUST-8749,Andrea Cross,West Dana,North,Technology,4,241.27,14.4
ORD-100192,2024-12-31,CUST-7669,Brianna Smith,West Briannabury,East,Technology,7,51.67,-5.04
ORD-100193,2024-08-09,CUST-4119,Jacqueline Pitts,Williamside,South,Office Supplies,4,27.7,6.62
ORD-100194,2024-02-26,CUST-2545,Meghan Scott,Port William,West,Office Supplies,9,987.85,236.88
ORD-100195,2025-06-28,CUST-2588,Grant Thomas,Lake Keith,North,Office Supplies,1,433.5,102.0
ORD-100196,2024-08-08,CUST-8062,Candace Ramos,Shepherdmouth,East,Office Supplies,8,390.48,-31.47
ORD-100197,2023-11-08,CUST-6804,Alyssa Green,New Faith,North,Technology,7,682.85,17.49
ORD-100198,2024-12-13,CUST-7939,Judith Patrick,North Katelynshire,South,Office Supplies,2,226.07,66.12
ORD-100199,2025-06-09,CUST-7735,Katherine Manning,Emilyshire,East,Office Supplies,8,950.46,176.79
ORD-100200,2024-05-10,CUST-8651,Lori Clark,Mckinneystad,East,Furniture,1,788.48,-146.99
ORD-100201,2024-01-23,CUST-1887,Michael Kirby,West Rachelberg,East,Technology,9,98.52,-16.49
ORD-100202,2024-09-22,CUST-2612,Sabrina Brown,Johnstonstad,East,Office Supplies,9,423.4,13.53
ORD-100203,2024-04-26,CUST-1993,Christine Soto,Port Williammouth,North,Office Supplies,2,880.33,224.14
ORD-100204,2023-10-02,CUST-7596,Gabriela Nixon,North Joycetown,South,Furniture,7,945.28,65.56
ORD-100205,2024-06-13,CUST-6559,Kelly Carter,Williamsborough,South,Office Supplies,3,472.73,23.12
ORD-100206,2023-09-23,CUST-2790,Francis Torres,North Michaelhaven,West,Office Supplies,7,617.28,-90.9
ORD-100207,2023-09-05,CUST-5073,Philip Jones,Jasonfort,North,Office Supplies,9,175.36,22.51
ORD-100208,2023-10-08,CUST-4139,Russell Franco,East Elizabethhaven,South,Furniture,4,991.26,209.21
ORD-100209,2023-12-19,CUST-4116,April Edwards,Bellfort,North,Technology,1,239.35,-2.34
ORD-100210,2024-07-16,CUST-9786,Dr. Daniel Faulkner,South Kurt,North,Furniture,2,943.3,177.16
ORD-100211,2025-05-20,CUST-8350,Ruth Johnson,Gillespieview,South,Technology,1,653.15,184.34
ORD-100212,2025-03-09,CUST-3296,Gabriel Castillo,South Donald,West,Furniture,5,611.66,-60.01
ORD-100213,2024-09-04,CUST-7912,George Diaz,Kristyside,West,Furniture,5,517.56,31.92
ORD-100214,2023-07-14,CUST-4006,Sabrina Hendricks,South Joan,West,Office Supplies,7,238.36,-13.45
ORD-100215,2024-04-22,CUST-5563,Tyrone Hodges,Brittanymouth,East,Technology,9,184.76,36.29
ORD-100216,2024-03-29,CUST-8579,Kyle Nguyen,New Crystalshire,South,Technology,9,228.28,20.27
ORD-100217,2025-06-08,CUST-5092,Jesus Fischer,Port Tyler,East,Technology,3,194.57,22.82
ORD-100218,2024-08-20,CUST-2235,Roberto Saunders,Rickeyton,East,Technology,3,781.79,155.54
ORD-100219,2024-01-14,CUST-8260,Ashley Barnes,New Julieport,East,Office Supplies,3,356.62,-0.72
ORD-100220,2024-06-23,CUST-2604,Ricky Keller,West Eric,North,Office Supplies,4,67.26,17.32
ORD-100221,2023-08-01,CUST-1828,William Morgan,New Cindyshire,North,Furniture,8,969.41,64.48
ORD-100222,2024-12-15,CUST-9856,Kevin Lane,North Jonathan,South,Furniture,6,884.95,-107.1
ORD-100223,2024-09-11,CUST-1241,Jeremy Schneider,Rachelville,South,Office Supplies,8,928.47,137.37
ORD-100224,2024-04-30,CUST-2528,Jennifer Gross,West Lesliestad,North,Furniture,1,994.96,195.64
ORD-100225,2024-01-10,CUST-4872,Jennifer Henson,Martinville,North,Office Supplies,8,182.16,-7.58
ORD-100226,2023-08-26,CUST-3724,Kevin Bowman,New Katherineville,East,Technology,4,402.28,91.96
ORD-100227,2023-12-14,CUST-7658,Kelsey Yates,South Rachelbury,West,Furniture,1,760.66,192.5
ORD-100228,2024-05-08,CUST-8956,Candace Brown,Lake Mary,West,Office Supplies,8,699.06,-43.03
ORD-100229,2024-05-22,CUST-8886,Jodi Hernandez,Mooremouth,West,Technology,4,162.36,47.37
ORD-100230,2024-09-14,CUST-4502,Matthew Smith,Martinshire,West,Technology,6,817.67,-106.01
ORD-100231,2024-01-02,CUST-7570,Jessica Collins,East Gregory,West,Technology,8,232.2,-22.99
ORD-100232,2025-02-22,CUST-1960,Jaime Moore,New Yolandabury,East,Office Supplies,4,231.58,-24.98
ORD-100233,2023-12-03,CUST-3697,Melanie Rosales,New Charlestown,South,Office Supplies,3,541.6,133.77
ORD-100234,2023-10-16,CUST-7209,Leslie Wiggins,Alexisview,North,Office Supplies,9,597.01,75.91
ORD-100235,2024-07-12,CUST-1035,Megan Porter,Amandaside,East,Technology,3,584.29,-72.42
ORD-100236,2023-10-20,CUST-7396,Lance Jimenez,Port Benjaminshire,West,Technology,9,100.57,2.03
ORD-100237,2023-09-14,CUST-5345,Rebecca Thompson DDS,West Julia,North,Technology,2,878.69,94.59
ORD-100238,2024-11-25,CUST-8454,Ashley Bradley,Brandonland,East,Office Supplies,2,272.94,-43.2
ORD-100239,2024-10-09,CUST-5673,Erika Brooks,Ellisport,West,Office Supplies,2,138.22,33.34
ORD-100240,2024-06-12,CUST-7930,Richard Rogers,South Chadton,East,Furniture,6,889.86,179.58
ORD-100241,2024-07-21,CUST-8973,Renee Murray,West Jeffreychester,North,Technology,3,956.09,50.29
ORD-100242,2025-05-06,CUST-3536,Melissa Charles,North Noah,South,Office Supplies,9,863.51,244.86
ORD-100243,2024-11-18,CUST-4111,Aaron Bond,Melanieside,West,Furniture,4,811.42,7.21
ORD-100244,2023-12-01,CUST-5861,James Stone,Port Dawn,North,Furniture,1,658.69,192.37
ORD-100245,2024-09-28,CUST-4566,Cynthia Robinson,Lake Christophertown,North,Technology,4,555.35,74.39
ORD-100246,2024-08-23,CUST-1958,Daniel Hernandez,Hillmouth,South,Technology,1,96.12,11.28
ORD-100247,2024-05-01,CUST-9883,Ernest Gross,Port Alicia,East,Office Supplies,5,414.37,-48.49
ORD-100248,2023-10-10,CUST-1998,Dawn Dennis,Mendozamouth,South,Furniture,4,378.96,91.32
ORD-100249,2023-09-26,CUST-6138,Diana Cross,Bradleytown,South,Technology,8,267.16,3.67
ORD-100250,2024-05-12,CUST-1936,Jonathan Mitchell,South Cynthia,East,Technology,8,726.19,-86.33
ORD-100251,2025-01-12,CUST-1821,Jordan Mcintosh,Rochaborough,East,Furniture,7,500.92,-97.03
ORD-100252,2024-02-10,CUST-8811,Molly Jimenez,Armstrongtown,East,Technology,3,90.24,7.21
ORD-100253,2024-05-16,CUST-9238,Briana James,Bryanbury,North,Furniture,1,227.98,14.52
ORD-100254,2024-12-13,CUST-9701,Christina Hendricks,Jonesview,North,Furniture,1,686.43,109.61
ORD-100255,2025-02-20,CUST-3579,Lindsay Navarro,North Robert,West,Technology,3,85.37,20.93
ORD-100256,2025-01-30,CUST-1931,Tonya Allen,Danielstad,West,Furniture,6,852.69,-136.68
ORD-100257,2024-04-08,CUST-9320,Melinda Dunn,Lindaberg,South,Furniture,7,500.2,82.91
ORD-100258,2025-05-12,CUST-2312,Katrina Evans,Shelbyton,South,Office Supplies,6,485.78,-51.64
ORD-100259,2025-04-02,CUST-4044,Andrea Pearson,Blakefort,West,Furniture,6,596.48,136.65
ORD-100260,2024-08-12,CUST-2122,Megan Williams,Combsshire,South,Technology,6,826.43,173.16
ORD-100261,2023-09-07,CUST-2113,Joshua Graham,South Gregory,East,Furniture,3,354.33,24.94
ORD-100262,2023-09-09,CUST-4853,Dr. Kelsey Delgado MD,Heatherland,North,Furniture,6,681.24,105.67
ORD-100263,2025-06-17,CUST-7615,Raven Davis,Hectorborough,West,Technology,8,570.07,-24.41
ORD-100264,2024-09-16,CUST-2964,Kerri Arnold,Port Lindaborough,North,Furniture,2,274.36,9.76
ORD-100265,2025-06-19,CUST-5033,Donald Townsend,North Stevenstad,West,Furniture,5,879.84,185.49
ORD-100266,2025-01-06,CUST-1651,Christopher Jones,Mooreberg,North,Furniture,1,799.45,23.69
ORD-100267,2024-04-10,CUST-2343,Norma Velez,Wilkinsonbury,West,Technology,1,661.87,-13.97
ORD-100268,2023-12-02,CUST-7868,Michael Cummings,New Carol,North,Office Supplies,5,852.08,40.14
ORD-100269,2023-11-24,CUST-9565,Kelly Garza,North Brandyburgh,East,Office Supplies,3,868.62,185.99
ORD-100270,2025-05-12,CUST-6183,Lisa Williamson,Gutierrezmouth,West,Furniture,4,711.28,-23.04
ORD-100271,2025-04-22,CUST-5272,Shawn Martinez,Lake Shaneview,West,Technology,3,838.64,-94.87
ORD-100272,2025-06-24,CUST-4346,Deborah Howard,Lake Tracey,West,Technology,1,700.5,109.28
ORD-100273,2023-12-20,CUST-6147,Sue Richards,Lanechester,East,Technology,1,683.34,145.54
ORD-100274,2024-02-04,CUST-4910,Deborah Davis,Jenningstown,North,Technology,5,622.43,-93.17
ORD-100275,2024-10-25,CUST-5351,Veronica Mendez,West Pamela,West,Office Supplies,6,755.19,-60.46
ORD-100276,2023-09-29,CUST-7484,Shawn Gray MD,South Madison,North,Technology,3,167.02,-21.55
ORD-100277,2023-08-08,CUST-3144,Ashley Thompson,North David,East,Office Supplies,9,882.06,-22.96
ORD-100278,2023-09-01,CUST-5915,Barbara Smith,New Dan,South,Furniture,5,873.13,21.98
ORD-100279,2024-04-21,CUST-8491,Phillip Spence,Leeport,West,Furniture,8,38.95,6.79
ORD-100280,2025-02-07,CUST-6180,Nicole Wade,Port Catherine,East,Technology,1,827.56,103.92
ORD-100281,2024-06-20,CUST-2188,Doris Stuart,North Melissamouth,North,Technology,5,137.58,15.2
ORD-100282,2023-07-20,CUST-1152,Kenneth Davis,Roweview,West,Office Supplies,3,341.77,-8.14
ORD-100283,2025-05-11,CUST-8508,Virginia Moses,Williamsmouth,North,Furniture,1,746.07,164.68
ORD-100284,2024-07-17,CUST-2638,Amy Johnson,East Daniel,South,Furniture,4,169.15,6.03
ORD-100285,2024-05-20,CUST-2200,Christian Reid Jr.,East Jasonshire,West,Technology,5,819.79,237.37
ORD-100286,2025-06-30,CUST-9808,Timothy Nash,Ianmouth,West,Technology,7,833.81,97.62
ORD-100287,2024-06-03,CUST-4492,Cynthia Kline,South Wayne,North,Office Supplies,1,512.39,-70.13
ORD-100288,2025-05-03,CUST-9288,Roberta Smith,South Katherineland,West,Technology,3,16.32,2.25
ORD-100289,2024-09-11,CUST-5345,Howard Smith,East Angelica,East,Office Supplies,2,294.17,-11.02
ORD-100290,2025-04-24,CUST-3170,Ian Moore,South Susan,East,Furniture,9,620.76,88.87
ORD-100291,2025-03-22,CUST-6718,Perry Miller,Jasonview,South,Technology,6,981.37,-162.1
ORD-100292,2025-04-21,CUST-2127,Melissa Fernandez,South Devon,East,Technology,3,635.5,-71.53
ORD-100293,2023-07-23,CUST-5002,Robin Barron,North Shannon,South,Technology,8,267.21,60.89
ORD-100294,2024-04-30,CUST-7054,John Johnson,Leblancstad,North,Office Supplies,8,637.67,-55.1
ORD-100295,2025-05-20,CUST-5669,Traci Peters,West Danielmouth,North,Furniture,2,544.59,119.0
ORD-100296,2025-01-23,CUST-3584,Dennis Roberts,Stricklandborough,South,Furniture,6,782.05,-47.21
ORD-100297,2025-02-28,CUST-8179,Martin Marquez,Amandaside,East,Furniture,7,115.91,14.08
ORD-100298,2024-06-09,CUST-9900,Angela Sharp,Lake Steven,East,Technology,2,763.42,112.28
ORD-100299,2023-09-11,CUST-5956,Adam Campbell,Josephview,South,Furniture,2,545.85,30.75
ORD-100300,2024-07-13,CUST-9666,Ashley Neal,Jamiestad,South,Furniture,1,963.36,-45.61
ORD-100301,2023-11-21,CUST-1128,Julie Rogers,Jesseview,North,Furniture,8,348.45,-32.64
ORD-100302,2024-08-05,CUST-5905,Jeffrey Norman,Shanemouth,South,Technology,1,636.3,-116.7
ORD-100303,2025-04-28,CUST-2697,Jose Perez,Pruittshire,East,Technology,9,932.71,-44.8
ORD-100304,2023-10-18,CUST-3200,Ernest Phillips,North Loriside,South,Office Supplies,6,111.48,14.11
ORD-100305,2023-08-14,CUST-5333,Joseph Gomez,East Jeremy,South,Office Supplies,7,937.86,252.43
ORD-100306,2025-04-18,CUST-2891,Lisa Silva,Ericaville,South,Office Supplies,7,691.01,162.8
ORD-100307,2024-06-26,CUST-2753,Joshua Miranda,Amandafort,North,Office Supplies,3,77.16,14.12
ORD-100308,2025-02-18,CUST-3546,Megan Sullivan,North Michellehaven,South,Furniture,2,307.95,59.81
ORD-100309,2025-04-10,CUST-5462,Jeffrey Frost,Comptonbury,West,Office Supplies,9,711.09,94.21
ORD-100310,2024-01-18,CUST-5616,Douglas Powers,New Thomasport,West,Office Supplies,8,76.68,-5.36
ORD-100311,2024-08-11,CUST-4450,Christopher Adams,Rodriguezland,West,Office Supplies,7,586.35,148.7
ORD-100312,2025-03-20,CUST-6617,Gary Woodard,Port Jeffrey,East,Technology,9,352.42,47.71
ORD-100313,2024-08-29,CUST-4335,John Vaughn,Lopezhaven,East,Furniture,4,624.71,50.11
ORD-100314,2023-11-17,CUST-5325,Matthew Webb,New Kyle,South,Technology,4,55.28,-7.99
ORD-100315,2024-01-13,CUST-9280,Joshua French,Anthonystad,West,Furniture,1,872.82,20.54
ORD-100316,2024-08-18,CUST-9004,Natalie Gibson,Mooremouth,North,Office Supplies,8,973.75,29.39
ORD-100317,2024-10-31,CUST-5114,Christopher Bruce,East Joel,West,Technology,3,969.19,225.13
ORD-100318,2024-10-15,CUST-1832,Crystal Garcia,East Reneemouth,West,Furniture,7,752.16,55.15
ORD-100319,2025-03-31,CUST-2512,Catherine Alvarado,Port Nicholas,East,Technology,2,138.79,-1.36
ORD-100320,2024-11-23,CUST-7939,Lindsay Coleman,South Antoniomouth,East,Technology,2,760.68,219.38
ORD-100321,2025-05-06,CUST-5533,Kathleen Kelly,Hudsonstad,North,Furniture,7,34.34,-4.97
ORD-100322,2023-10-14,CUST-1722,Kenneth Roman,East Brandon,East,Furniture,6,31.9,0.36
ORD-100323,2024-08-31,CUST-1058,Heather Gomez,Lake Laura,North,Office Supplies,3,330.37,-59.13
ORD-100324,2025-07-04,CUST-6464,Jose Hudson,West Kevinberg,East,Office Supplies,9,493.76,83.92
ORD-100325,2025-05-12,CUST-3143,Valerie Martinez,Port Jonathanburgh,West,Office Supplies,6,772.7,200.16
ORD-100326,2023-08-12,CUST-5291,Erin Snow,West Derrickstad,West,Technology,6,686.46,-41.17
ORD-100327,2025-04-26,CUST-3647,Karen Stanton,North Samanthaberg,North,Office Supplies,1,451.44,103.46
ORD-100328,2025-03-26,CUST-8239,Jennifer Bennett,New Kimberlychester,North,Furniture,4,280.89,-15.14
ORD-100329,2024-08-08,CUST-8007,Tyler Frey,West Juanstad,East,Technology,6,997.15,254.66
ORD-100330,2023-12-04,CUST-1158,Richard Sutton,West Aprilport,East,Furniture,6,431.92,76.44
ORD-100331,2024-03-24,CUST-2832,Ashley Taylor,Rowebury,North,Technology,5,456.87,92.49
ORD-100332,2025-07-05,CUST-2232,Jason Santiago,Marychester,North,Furniture,1,171.99,-32.85
ORD-100333,2023-09-02,CUST-3442,William Ruiz,Harrisberg,West,Furniture,8,796.86,224.24
ORD-100334,2024-04-07,CUST-9938,Marcus Lynch,Lopezmouth,West,Office Supplies,5,696.75,113.8
ORD-100335,2024-01-30,CUST-1590,Richard Wright,Gilbertmouth,North,Office Supplies,5,228.56,-10.89
ORD-100336,2024-02-27,CUST-7049,James Mckee,New Ericbury,West,Technology,7,91.56,19.66
ORD-100337,2023-09-21,CUST-3426,Tara Washington,Olsonport,South,Office Supplies,4,683.69,-40.5
ORD-100338,2023-07-28,CUST-8041,Lance Stewart,New Jasonside,East,Technology,6,657.97,155.53
ORD-100339,2025-01-13,CUST-3088,Angela Jones,Rossfort,West,Furniture,4,280.53,-40.31
ORD-100340,2024-02-27,CUST-1685,Jeffrey Wilson,Lake Kathyborough,South,Technology,3,951.35,144.46
ORD-100341,2024-12-15,CUST-6050,Megan Horton,Torresport,North,Furniture,7,159.55,11.22
ORD-100342,2024-06-02,CUST-6974,Jordan Wood,Medinahaven,West,Furniture,8,438.01,-66.46
ORD-100343,2024-08-22,CUST-1653,Brian Marquez,Christinaport,North,Furniture,4,944.18,-74.64
ORD-100344,2025-06-28,CUST-6862,Dominic Terry,Greenton,East,Technology,2,425.53,-82.47
ORD-100345,2025-06-30,CUST-4441,James Martinez,Edwardsstad,North,Technology,3,642.14,22.08
ORD-100346,2024-12-09,CUST-5088,Yvette Myers,Beanland,South,Office Supplies,1,403.62,-19.93
ORD-100347,2023-08-29,CUST-2684,Patrick Nichols,New Kevin,North,Office Supplies,8,281.47,27.92
ORD-100348,2024-02-06,CUST-6794,Jennifer Delgado,East Thomas,South,Furniture,3,984.14,-50.57
ORD-100349,2023-12-06,CUST-7658,Louis Chapman,Conniemouth,West,Furniture,7,415.24,-20.78
ORD-100350,2024-12-21,CUST-3532,Benjamin Hodge PhD,Travisland,West,Technology,5,895.16,153.61
ORD-100351,2024-03-30,CUST-4878,Bobby Smith,Port Traceyshire,South,Office Supplies,5,237.66,-41.81
ORD-100352,2024-02-12,CUST-3662,Sarah Gonzales,Lake David,East,Technology,7,220.97,55.56
ORD-100353,2025-02-13,CUST-3900,Justin Anderson,Suttonland,East,Technology,9,40.82,9.23
ORD-100354,2025-03-14,CUST-7755,Nicole Moore,Johnsonborough,East,Technology,5,655.15,87.73
ORD-100355,2023-07-18,CUST-1406,Amanda Hanson,Port Anthonyfurt,West,Furniture,1,374.84,36.21
ORD-100356,2024-10-22,CUST-3938,Marie Walker,Wendystad,West,Furniture,1,865.71,213.1
ORD-100357,2023-08-28,CUST-6442,Melissa Berry,East Edward,East,Office Supplies,2,478.48,-51.36
ORD-100358,2024-12-22,CUST-7745,Laura Gonzalez,Rodriguezmouth,North,Furniture,6,968.51,-155.46
ORD-100359,2024-07-29,CUST-5065,Sharon Moore,North Valerie,East,Furniture,9,193.67,-15.54
ORD-100360,2024-06-28,CUST-5371,Kevin White,West Deborah,North,Technology,8,869.94,171.63
ORD-100361,2024-07-03,CUST-3608,Katelyn Duffy,Lake Shannon,East,Furniture,5,778.83,-142.26
ORD-100362,2025-03-11,CUST-2771,Jordan Rodriguez,South Melissaberg,North,Technology,1,773.21,70.67
ORD-100363,2024-02-08,CUST-7267,Douglas Berg,Cannonshire,West,Office Supplies,7,846.34,251.97
ORD-100364,2023-11-23,CUST-1634,Ashley Ramos DDS,New Anne,East,Furniture,5,763.41,173.94
ORD-100365,2024-05-10,CUST-8711,Julie Miles,Jenniferside,East,Office Supplies,6,629.96,38.25
ORD-100366,2024-08-19,CUST-4644,Shannon Sellers,North Christopher,South,Furniture,7,139.93,-23.53
ORD-100367,2023-07-13,CUST-4269,Alexander Wall,Millerchester,East,Technology,3,42.2,9.1
ORD-100368,2024-01-22,CUST-8541,Lisa Newton,South Erikborough,North,Furniture,3,921.64,91.69
ORD-100369,2024-12-27,CUST-6728,Cathy Mcconnell DDS,West Christopher,South,Technology,5,620.48,-88.44
ORD-100370,2024-02-26,CUST-6000,Deborah Allen,North Stephanie,East,Office Supplies,6,798.57,-122.24
ORD-100371,2024-04-23,CUST-4728,Eric Weaver,Michaelport,East,Technology,9,486.71,124.02
ORD-100372,2024-03-10,CUST-4652,Rhonda Gonzalez,Lunamouth,West,Technology,5,126.14,16.98
ORD-100373,2025-05-21,CUST-1387,Dylan Butler,North Stevenburgh,South,Office Supplies,1,133.93,28.75
ORD-100374,2025-06-13,CUST-4164,John Benitez,Jamesview,North,Office Supplies,4,688.71,164.94
ORD-100375,2024-09-07,CUST-7528,Brenda Haynes,Bakerstad,East,Technology,5,436.0,37.45
ORD-100376,2024-01-28,CUST-6378,Nancy Lopez,East Justin,West,Furniture,5,208.52,12.24
ORD-100377,2023-08-02,CUST-5564,Aaron Valdez,Russellfurt,East,Technology,7,496.68,7.56
ORD-100378,2025-02-20,CUST-2137,Mr. Jerry Ware II,Paulville,South,Technology,4,73.57,-3.06
ORD-100379,2024-02-23,CUST-5573,Melissa Leonard,Jillianbury,North,Furniture,1,586.15,10.14
ORD-100380,2024-02-08,CUST-6753,Tony Edwards,Lake Jameschester,West,Technology,5,276.3,51.65
ORD-100381,2024-10-14,CUST-9346,David Pollard,Jonestown,East,Technology,7,799.58,80.73
ORD-100382,2023-09-29,CUST-7548,Eddie Bates,Brownborough,North,Office Supplies,6,317.26,78.13
ORD-100383,2024-02-07,CUST-9785,Kurt Burgess,Hernandezborough,East,Furniture,5,460.67,9.99
ORD-100384,2025-02-16,CUST-6425,Jacob Lee,New Alexander,East,Furniture,4,21.5,2.23
ORD-100385,2023-09-25,CUST-1452,Dr. John Lee,East Nicoleborough,South,Office Supplies,2,81.72,9.45
ORD-100386,2024-07-31,CUST-2889,Joshua Austin,Port Paul,South,Furniture,4,398.57,38.2
ORD-100387,2025-05-17,CUST-5279,Teresa Chapman,Millerbury,East,Furniture,3,485.14,73.41
ORD-100388,2023-12-09,CUST-3925,Yvonne Burns,West Teresa,West,Office Supplies,1,604.02,-49.1
ORD-100389,2023-10-22,CUST-5349,Victor Thomas,South Michael,South,Technology,8,298.75,16.78
ORD-100390,2025-01-12,CUST-1626,Christy Davis,Port David,South,Technology,5,698.03,-103.23
ORD-100391,2023-11-24,CUST-2776,Nicole Bauer,Nealfort,South,Technology,4,861.52,-6.67
ORD-100392,2024-09-08,CUST-8119,Cindy Johnson,Nicholsonchester,South,Office Supplies,8,782.05,34.28
ORD-100393,2024-04-26,CUST-6663,Michelle Stephenson,Jacksonchester,North,Office Supplies,7,49.22,6.21
ORD-100394,2024-09-05,CUST-6139,Matthew Rogers,Sullivanburgh,East,Furniture,2,485.7,133.7
ORD-100395,2025-04-03,CUST-8149,Christina Hebert,North Sarahfurt,North,Technology,1,113.88,11.43
ORD-100396,2024-08-09,CUST-9379,Laura Weiss,Port Amy,North,Office Supplies,4,249.62,42.88
ORD-100397,2023-09-21,CUST-2894,Kayla Hall,Port Malloryburgh,East,Office Supplies,8,986.8,52.43
ORD-100398,2024-03-10,CUST-7311,Juan Henson,West Carlafort,South,Office Supplies,2,151.07,17.68
ORD-100399,2025-03-12,CUST-4114,Kathleen Gregory,Alexisshire,West,Furniture,3,503.9,-82.91
ORD-100400,2024-08-10,CUST-5173,Tiffany Alvarado,Harveyhaven,South,Office Supplies,1,621.97,-45.28
ORD-100401,2024-12-31,CUST-1727,Eric Flores,Port Edwardshire,South,Technology,1,705.44,-13.46
ORD-100402,2024-07-24,CUST-8144,Jonathan Alexander,Port Gerald,South,Office Supplies,3,564.05,20.44
ORD-100403,2025-07-06,CUST-1027,David Maxwell,Port Anitaton,South,Office Supplies,5,19.67,-3.49
ORD-100404,2024-12-19,CUST-9518,Vanessa Wright,Ayalaville,West,Furniture,3,333.2,-43.31
ORD-100405,2024-06-17,CUST-9821,Nancy Bates,Edwardshaven,North,Technology,1,522.53,-32.18
ORD-100406,2025-07-01,CUST-4228,Mindy Pineda,East Joshuashire,West,Technology,1,96.99,27.72
ORD-100407,2025-04-12,CUST-6967,Cynthia Sanchez,Jonesmouth,East,Technology,8,357.12,-12.26
ORD-100408,2024-02-29,CUST-8066,Elizabeth Simpson,West Rickybury,South,Office Supplies,2,42.87,1.76
ORD-100409,2024-10-05,CUST-2146,Emily Munoz,Meganview,West,Furniture,3,87.79,-8.95
ORD-100410,2025-07-03,CUST-6409,Stephanie Acevedo,Lake Thomaschester,East,Technology,2,402.95,42.47
ORD-100411,2025-01-25,CUST-6143,Crystal Rodriguez,Lake Andre,West,Office Supplies,3,141.39,-8.44
ORD-100412,2025-06-04,CUST-3041,Cynthia Cole,Suttonside,South,Furniture,7,571.87,-55.19
ORD-100413,2025-02-07,CUST-5920,James Jackson,West Kimberly,South,Technology,1,692.57,40.37
ORD-100414,2024-03-29,CUST-9308,Kristen Stevens,Ericchester,East,Furniture,8,802.58,-158.31
ORD-100415,2025-01-29,CUST-6067,Kathleen Jones,Lake Shannonshire,West,Furniture,2,208.15,-40.83
ORD-100416,2024-09-13,CUST-7691,William Williams,Freystad,South,Office Supplies,3,175.81,-15.9
ORD-100417,2025-03-27,CUST-6344,Molly Graves,East Brett,East,Furniture,9,113.52,-20.62
ORD-100418,2023-08-13,CUST-7592,Timothy Carlson,West Melissashire,West,Office Supplies,7,640.07,-93.44
ORD-100419,2023-12-31,CUST-5844,Bradley Reed,Beanborough,West,Technology,4,709.41,-21.69
ORD-100420,2025-06-25,CUST-3085,Tina Hill,North Vicki,East,Technology,5,41.27,8.31
ORD-100421,2024-06-19,CUST-4143,Cameron Johnston,East Ariana,West,Furniture,2,936.85,80.59
ORD-100422,2024-08-28,CUST-7888,Natalie Manning,New Gabrielaland,West,Technology,8,61.45,3.46
ORD-100423,2024-02-22,CUST-7211,Jennifer Kim,Lake Michaelfort,South,Office Supplies,4,545.88,-29.07
ORD-100424,2023-12-20,CUST-3851,Bryan Walker,Trevorstad,South,Office Supplies,9,711.97,189.3
ORD-100425,2024-08-03,CUST-5930,Pamela Jenkins,Jameston,South,Office Supplies,5,872.26,-1.3
ORD-100426,2024-08-21,CUST-7653,Nancy Burton,Port Jacob,East,Furniture,9,716.95,-112.17
ORD-100427,2024-05-17,CUST-9977,Nicholas Hudson,North Annbury,North,Furniture,4,803.71,87.23
ORD-100428,2023-09-10,CUST-1006,Trevor Brock,East Debra,West,Furniture,5,346.06,-49.51
ORD-100429,2024-03-14,CUST-5978,Patricia Porter,Derrickville,East,Office Supplies,9,816.68,-22.37
ORD-100430,2023-12-25,CUST-5700,Lynn Ramos,Lake Jessica,North,Office Supplies,8,89.31,4.8
ORD-100431,2023-09-02,CUST-4443,Michelle Martinez,Port Michaelbury,North,Office Supplies,3,895.87,212.42
ORD-100432,2024-02-29,CUST-8043,Dennis Anderson DDS,Davidstad,East,Office Supplies,1,552.12,25.82
ORD-100433,2025-05-16,CUST-6279,Zachary Klein,North Heather,North,Furniture,3,819.12,123.79
ORD-100434,2024-11-26,CUST-8618,Melissa Mason,Laurenmouth,South,Furniture,4,457.8,135.7
ORD-100435,2024-01-21,CUST-8238,Sara Bullock,Judithstad,East,Furniture,2,647.14,-86.88
ORD-100436,2024-07-17,CUST-8244,Matthew Powell,Francismouth,West,Furniture,1,531.14,-33.27
ORD-100437,2024-09-16,CUST-4501,Kyle Brewer,Rhondastad,South,Office Supplies,7,734.27,-1.99
ORD-100438,2024-10-11,CUST-9375,Alison Parker,Chadtown,West,Office Supplies,8,90.81,0.99
ORD-100439,2024-10-15,CUST-8752,Shannon Gonzalez,West Omarburgh,North,Technology,7,69.75,0.38
ORD-100440,2025-01-07,CUST-3780,Samuel Reilly,Kyleport,South,Technology,5,254.63,64.63
ORD-100441,2023-10-08,CUST-2389,Laura Kim,Bonnieport,West,Technology,1,167.95,26.37
ORD-100442,2024-07-03,CUST-5649,Angela Malone,East Kevinstad,East,Office Supplies,7,873.07,90.76
ORD-100443,2024-03-29,CUST-9445,Daniel Johnson,Cherylville,North,Furniture,7,227.02,-10.29
ORD-100444,2023-08-14,CUST-6491,Cindy Carey,West Tommy,West,Furniture,9,976.11,206.83
ORD-100445,2023-11-06,CUST-2530,Lindsey Giles,North Caleb,North,Furniture,3,343.53,95.34
ORD-100446,2025-01-05,CUST-4848,Reginald Harris,South Katie,West,Office Supplies,9,190.3,40.08
ORD-100447,2023-10-24,CUST-6085,Debra Gallegos,New Frank,East,Technology,1,791.8,-157.74
ORD-100448,2025-03-22,CUST-4680,Nancy Henderson,West Erica,South,Furniture,1,662.12,78.26
ORD-100449,2024-10-27,CUST-4262,Bernard Wagner,Jacksonville,West,Technology,4,503.21,-87.78
ORD-100450,2023-12-06,CUST-3414,Travis Hall,East Markmouth,North,Technology,9,559.81,-39.86
ORD-100451,2024-03-13,CUST-1400,Kathryn Sullivan,Smithberg,East,Office Supplies,6,722.01,-122.91
ORD-100452,2023-08-09,CUST-1757,Kari Schmidt,Port Melissatown,South,Office Supplies,3,236.17,24.07
ORD-100453,2024-10-06,CUST-5011,Chad Ball,Port Jerome,North,Furniture,1,996.37,142.77
ORD-100454,2024-03-13,CUST-8784,Jessica Walls,Rebeccaview,East,Office Supplies,4,975.05,-139.19
ORD-100455,2024-10-23,CUST-2193,Christine Henderson,Rachelfurt,North,Office Supplies,9,653.82,-5.28
ORD-100456,2024-10-25,CUST-8461,Michelle Shields,East Amandahaven,East,Office Supplies,3,207.55,5.84
ORD-100457,2025-01-06,CUST-7790,Jackson Erickson,Thomasfurt,South,Furniture,9,683.43,-10.58
ORD-100458,2023-08-03,CUST-4185,Justin Cox,West Bradley,South,Technology,7,81.48,-11.37
ORD-100459,2024-09-13,CUST-7291,Kelsey Cooley,Kellyborough,North,Technology,4,40.35,0.38
ORD-100460,2024-12-08,CUST-9099,Isaac Mcneil,Lake Williamhaven,East,Furniture,3,265.11,46.55
ORD-100461,2023-09-26,CUST-7547,James Caldwell,East Daniel,West,Technology,5,468.0,-76.98
ORD-100462,2024-08-01,CUST-4997,Brian Watts,Scottfurt,South,Technology,5,869.59,-139.06
ORD-100463,2025-04-22,CUST-3417,Gerald Williams,Port Mary,West,Furniture,3,729.9,-16.51
ORD-100464,2024-08-05,CUST-1090,Beth Cain,Hansonchester,West,Technology,9,745.28,201.87
ORD-100465,2024-06-21,CUST-2746,David Kirk,Simschester,North,Office Supplies,4,431.24,57.91
ORD-100466,2025-03-21,CUST-7965,Jessica Giles,Port Joseph,North,Furniture,5,352.48,49.11
ORD-100467,2025-04-25,CUST-4585,Laurie Russell,Leonardtown,North,Furniture,4,377.33,-7.18
ORD-100468,2024-07-13,CUST-3881,Jessica Taylor,North Deborahborough,East,Office Supplies,5,987.77,95.65
ORD-100469,2024-07-05,CUST-9486,Jordan Tucker Jr.,Townsendchester,South,Office Supplies,7,49.71,-9.69
ORD-100470,2023-10-16,CUST-8611,Johnny Lucas,Lake Philip,South,Office Supplies,9,868.36,102.51
ORD-100471,2024-11-02,CUST-1822,Jamie Cortez,Doristown,West,Office Supplies,7,582.89,149.59
ORD-100472,2025-03-03,CUST-5082,Jordan Hicks,New Sarahview,North,Furniture,5,444.23,47.22
ORD-100473,2025-02-04,CUST-2988,Shelby Wolf,New Monica,East,Furniture,7,728.01,172.43
ORD-100474,2024-12-14,CUST-8478,Tyler Chang,Myersmouth,South,Furniture,5,491.8,79.66
ORD-100475,2023-07-15,CUST-3184,Alexis Williams,Gabrielview,East,Office Supplies,3,874.69,-122.21
ORD-100476,2024-07-18,CUST-8612,Andrew Norton,Robertstad,North,Office Supplies,7,901.69,226.53
ORD-100477,2024-01-06,CUST-9702,Leah Ho,South Kimberlyfurt,North,Office Supplies,2,427.5,-71.3
ORD-100478,2023-08-17,CUST-6198,Jaime Johnson,North Chaseborough,South,Office Supplies,9,284.06,19.03
ORD-100479,2024-04-14,CUST-8251,Brandy Hicks,North Michael,West,Office Supplies,1,596.43,-76.9
ORD-100480,2025-03-17,CUST-9270,Kelsey Woodward,Leehaven,West,Furniture,6,913.24,-177.3
ORD-100481,2024-06-18,CUST-7991,Katherine Wells,West Jessicamouth,North,Office Supplies,7,218.56,2.41
ORD-100482,2025-02-28,CUST-9976,Richard Porter,Juantown,North,Office Supplies,8,626.74,-32.89
ORD-100483,2023-12-22,CUST-8305,Tommy Flynn,Hallshire,West,Furniture,9,635.24,27.32
ORD-100484,2024-12-24,CUST-3607,Morgan Shaw,Lake Victoriastad,North,Technology,2,735.78,65.19
ORD-100485,2023-09-06,CUST-8777,Crystal Cooley,South Mark,South,Technology,2,140.25,-24.98
ORD-100486,2024-09-29,CUST-8373,John Russell,Stevensfurt,South,Office Supplies,5,718.67,-99.53
ORD-100487,2025-04-18,CUST-5246,Beth Mahoney,Port Jacob,East,Technology,5,909.94,72.18
ORD-100488,2025-06-11,CUST-5050,Joshua Turner,East Antoniobury,West,Technology,6,187.89,-5.34
ORD-100489,2023-10-27,CUST-5543,Joshua Roberts,Franklinburgh,North,Furniture,3,245.17,40.35
ORD-100490,2025-02-03,CUST-9540,Christopher Anderson,Port Antonio,East,Office Supplies,8,971.68,122.57
ORD-100491,2024-03-23,CUST-8939,Stephanie Brown,West Walter,South,Furniture,1,189.17,42.15
ORD-100492,2024-11-28,CUST-4919,Michael Reed,South Sandramouth,West,Furniture,6,855.84,125.16
ORD-100493,2025-06-19,CUST-5499,Lee Baldwin,Lake Jilltown,South,Office Supplies,4,497.36,7.44
ORD-100494,2024-09-12,CUST-8206,Sarah Walton,Elizabethview,North,Furniture,1,254.76,34.77
ORD-100495,2024-08-20,CUST-2269,Gregory Pena,Schroederport,East,Office Supplies,7,872.04,-54.34
ORD-100496,2025-01-15,CUST-5681,Steve Reynolds,New Christopher,North,Office Supplies,9,450.85,-21.12
ORD-100497,2024-07-09,CUST-4841,Mitchell Harrell,East Richardview,North,Technology,4,519.67,101.07
ORD-100498,2025-05-13,CUST-5451,Angela Jones,Port Theresaborough,West,Office Supplies,4,365.64,8.49
ORD-100499,2025-03-10,CUST-6502,Michelle Tucker,East Daniel,West,Office Supplies,6,597.02,118.92
ORD-100500,2024-02-18,CUST-6238,Frank West,Port Jimmymouth,North,Office Supplies,3,171.89,36.31
ORD-100501,2023-07-20,CUST-9849,Jerry White,Waltersfurt,West,Office Supplies,6,397.17,90.87
ORD-100502,2024-07-04,CUST-2320,Jason Campbell,Davidburgh,East,Office Supplies,7,969.72,250.5
ORD-100503,2024-06-27,CUST-3267,Juan Carlson,Lake Jacqueline,East,Technology,3,265.55,4.11
ORD-100504,2023-10-13,CUST-3471,Heather Ramirez,Martinezhaven,North,Technology,7,660.17,-26.78
ORD-100505,2023-12-16,CUST-4788,Anthony Jones,Briannaport,East,Furniture,3,331.94,30.24
ORD-100506,2024-08-11,CUST-7275,Todd May,Calderonland,North,Office Supplies,2,775.74,-11.18
ORD-100507,2023-11-17,CUST-3503,Janet Simmons,Craigside,East,Office Supplies,4,139.56,14.03
ORD-100508,2023-07-22,CUST-4505,Christopher Harrison,Wagnerland,South,Technology,8,970.12,148.23
ORD-100509,2024-11-18,CUST-2052,Nicole Williams,Kristinefort,North,Technology,9,459.25,66.23
ORD-100510,2023-10-24,CUST-7797,Terry Lopez,East Megan,East,Furniture,7,243.69,-3.1
ORD-100511,2024-08-22,CUST-7678,James Griffin,Lake Matthew,South,Office Supplies,1,82.76,-9.65
ORD-100512,2024-11-08,CUST-6421,Dr. Jacob Schmidt,Saraborough,North,Office Supplies,3,178.06,2.72
ORD-100513,2024-12-23,CUST-9890,Ronald Torres,Johnnymouth,East,Furniture,9,524.58,-67.51
ORD-100514,2025-06-11,CUST-8633,Carrie Williams,Harrisonhaven,East,Office Supplies,1,343.63,84.21
ORD-100515,2023-11-07,CUST-7812,Carmen Brown,Riosfurt,South,Office Supplies,9,830.59,-22.48
ORD-100516,2023-09-06,CUST-2020,Lori Thomas,Reillyton,West,Office Supplies,8,436.58,-53.6
ORD-100517,2024-03-08,CUST-4388,Richard Moss,New Sheilaborough,West,Technology,1,256.23,-47.99
ORD-100518,2023-08-04,CUST-7883,Eric Knight,Durhamstad,South,Technology,6,620.97,76.32
ORD-100519,2023-12-16,CUST-7381,Jared Chaney,Adamshaven,South,Technology,5,709.71,84.07
ORD-100520,2023-12-03,CUST-1320,Melissa Davis,Jamesfurt,North,Office Supplies,6,175.37,-5.21
ORD-100521,2024-11-18,CUST-7232,Christine Flynn,South Gregory,West,Technology,5,175.94,-28.88
ORD-100522,2024-05-03,CUST-8814,William Escobar,Strongshire,North,Furniture,6,46.3,0.22
ORD-100523,2023-11-18,CUST-1096,Vanessa Bird,Port Clayton,East,Office Supplies,5,739.04,-32.81
ORD-100524,2024-07-18,CUST-6763,Omar Arias,East Marymouth,South,Office Supplies,5,667.17,92.44
ORD-100525,2025-03-10,CUST-5892,Shannon Conner,Robbinsmouth,North,Office Supplies,4,479.88,49.37
ORD-100526,2025-07-03,CUST-7389,Ashley Walls,New Nathaniel,South,Office Supplies,3,845.73,-14.97
ORD-100527,2023-12-18,CUST-7865,Joseph Martin,Port Laura,North,Office Supplies,3,807.61,-73.54
ORD-100528,2024-05-30,CUST-9818,Desiree Graham,South Debbie,East,Furniture,4,589.5,173.32
ORD-100529,2025-05-24,CUST-9947,Theresa Harris,West Patriciaborough,East,Technology,9,869.59,23.48
ORD-100530,2025-03-13,CUST-4613,Danielle Pitts,East Charles,West,Furniture,2,213.78,30.81
ORD-100531,2024-07-27,CUST-8999,Richard Shields,Christophershire,West,Technology,9,120.8,-15.67
ORD-100532,2023-11-06,CUST-4595,Carl Schwartz,East Linda,East,Technology,1,277.05,11.86
ORD-100533,2025-07-02,CUST-5471,Jonathan Clark,East Adamhaven,North,Furniture,1,66.52,-12.39
ORD-100534,2024-12-24,CUST-8140,Lori Munoz,Gonzalezbury,South,Technology,5,535.86,28.25
ORD-100535,2023-08-26,CUST-8956,Charles Huang,Deanburgh,East,Technology,6,937.24,264.31
ORD-100536,2025-06-24,CUST-1475,George Johnson,North Cindy,East,Furniture,6,48.95,-0.39
ORD-100537,2025-02-13,CUST-7371,Ryan Johnson,Lewisland,North,Technology,3,130.89,-23.63
ORD-100538,2024-02-03,CUST-6507,Travis Smith,North Megan,East,Office Supplies,7,457.68,-84.45
ORD-100539,2025-04-07,CUST-7624,Tina Kelly,North Alexis,East,Technology,9,934.54,-5.61
ORD-100540,2025-01-04,CUST-3704,Dustin Osborne,South Patriciaport,North,Furniture,8,322.99,-38.75
ORD-100541,2023-11-01,CUST-8657,Ann Gonzales,South Elizabethburgh,East,Office Supplies,6,512.16,-96.45
ORD-100542,2023-09-27,CUST-3091,Jennifer Buck,Alvaradoton,West,Office Supplies,8,51.16,9.11
ORD-100543,2024-08-21,CUST-9751,Jessica Campbell,East Shirleyshire,West,Technology,5,156.86,4.59
ORD-100544,2024-10-12,CUST-1441,Christopher Romero,West Diana,West,Furniture,8,986.76,-54.64
ORD-100545,2023-12-08,CUST-7455,Krista Bennett,South Megan,West,Office Supplies,4,965.47,241.41
ORD-100546,2025-05-18,CUST-1444,Amber Johnson,Robertville,East,Technology,8,14.89,-2.11
ORD-100547,2024-02-28,CUST-2375,Rachel Herring,Kennethton,South,Office Supplies,2,952.29,264.7
ORD-100548,2025-04-12,CUST-8022,Rebekah Velazquez,Wallstown,West,Furniture,5,642.73,-27.65
ORD-100549,2023-09-16,CUST-3223,Raymond Brown,Lake Robert,West,Technology,9,869.24,212.27
ORD-100550,2024-12-17,CUST-8564,Jose Johnson,Christopherport,East,Office Supplies,4,460.19,46.7
ORD-100551,2025-04-02,CUST-3977,Nicole Rodgers,West Zachary,East,Furniture,6,520.44,111.04
ORD-100552,2024-03-25,CUST-1823,Christian Mitchell MD,South Davidfurt,North,Office Supplies,1,493.96,144.24
ORD-100553,2024-05-12,CUST-5262,Nicole Gordon,Fullerfurt,West,Technology,9,670.2,-37.4
ORD-100554,2023-11-16,CUST-7211,Pamela Payne,Jasonside,North,Furniture,1,148.25,41.59
ORD-100555,2024-07-09,CUST-6363,Robert Cruz,Diazside,West,Technology,5,39.67,-0.21
ORD-100556,2024-10-05,CUST-4467,Leah Riley,Rodriguezborough,South,Office Supplies,4,314.85,-2.28
ORD-100557,2025-06-17,CUST-8449,Melissa Hoffman,Smithborough,East,Office Supplies,3,707.63,-21.09
ORD-100558,2025-04-26,CUST-6355,Donna Ross,Michaelview,East,Furniture,6,209.83,14.84
ORD-100559,2024-11-16,CUST-6529,James Rogers,Riveratown,North,Office Supplies,2,676.7,-83.19
ORD-100560,2024-11-05,CUST-7211,Taylor Jones,Collinsport,North,Technology,3,970.21,74.57
ORD-100561,2024-08-19,CUST-5558,Johnny Scott,East Matthew,East,Office Supplies,5,102.96,7.29
ORD-100562,2025-04-12,CUST-7906,Anthony Johnson,South Laurenmouth,East,Technology,9,675.88,122.3
ORD-100563,2024-03-21,CUST-5133,David Armstrong,Howefort,East,Office Supplies,2,449.31,97.42
ORD-100564,2024-01-02,CUST-2341,Robert Daniels,Codyhaven,West,Technology,8,869.46,17.58
ORD-100565,2024-01-06,CUST-8705,Kevin Berry,Port Erik,West,Technology,2,185.38,-9.05
ORD-100566,2025-03-07,CUST-1317,Bradley Gilbert,Port Leonard,South,Technology,5,695.7,-48.93
ORD-100567,2025-01-05,CUST-9837,Kathleen Mcmillan,Lesterborough,West,Office Supplies,7,839.73,-86.23
ORD-100568,2025-04-03,CUST-1853,Cody Mcguire,Carlosland,East,Technology,8,945.17,-161.79
ORD-100569,2023-09-20,CUST-6733,Steven Cooper,Lake Michaelside,West,Furniture,1,686.42,-19.75
ORD-100570,2024-03-12,CUST-4673,Gina Walker,Roberttown,North,Office Supplies,6,502.2,-32.58
ORD-100571,2025-05-17,CUST-2124,Richard Harvey,North Ryan,East,Technology,1,621.67,176.06
ORD-100572,2025-04-03,CUST-1659,Joshua Stewart,East Patrick,West,Technology,2,870.22,68.62
ORD-100573,2024-04-28,CUST-1508,Dustin Reynolds,Port Darren,East,Technology,1,574.9,-15.16
ORD-100574,2025-01-14,CUST-5051,Danielle Hampton,New Lisaburgh,North,Technology,5,40.08,3.62
ORD-100575,2024-04-05,CUST-4266,Kevin Montgomery,New John,North,Furniture,9,931.64,-121.49
ORD-100576,2024-07-09,CUST-1333,Susan Camacho,Kimberlyville,West,Furniture,6,692.63,15.25
ORD-100577,2025-03-22,CUST-3496,Sarah Adams,Lake James,East,Furniture,1,679.75,76.89
ORD-100578,2024-06-29,CUST-4908,Matthew Fischer,New Mistytown,South,Technology,1,223.52,9.94
ORD-100579,2025-01-01,CUST-3068,Martha Valentine,Margaretfurt,North,Technology,2,662.3,0.59
ORD-100580,2024-10-28,CUST-8758,Kathryn Hopkins,Matthewville,South,Office Supplies,9,399.93,118.75
ORD-100581,2025-03-24,CUST-2874,Mary Jefferson,Chapmanshire,West,Furniture,3,654.72,157.24
ORD-100582,2024-01-26,CUST-4571,Kristin Thomas,North Jessica,North,Technology,1,115.53,12.91
ORD-100583,2023-08-06,CUST-8619,Monica Estrada,West Tyler,South,Technology,5,661.27,56.0
ORD-100584,2025-01-10,CUST-5198,Charles Barr,East Cynthia,North,Furniture,7,999.42,110.27
ORD-100585,2024-08-15,CUST-7043,Jose Jenkins,Jarvisland,South,Technology,6,57.73,-5.74
ORD-100586,2023-12-14,CUST-3749,Elizabeth Baker,Franciscofort,East,Technology,1,977.4,-2.38
ORD-100587,2025-03-31,CUST-2876,Michelle Fritz,Townsendmouth,East,Technology,5,412.84,-74.42
ORD-100588,2023-08-05,CUST-3683,Shannon Moore,Andreaville,West,Technology,5,872.05,32.94
ORD-100589,2024-02-06,CUST-6096,Pamela Bryant,New Chelseafurt,North,Office Supplies,6,784.56,56.11
ORD-100590,2025-01-20,CUST-2771,Jennifer Martin,Port Jerry,South,Office Supplies,3,571.35,-49.21
ORD-100591,2025-05-24,CUST-1420,Lauren Mccoy MD,North Douglas,West,Office Supplies,5,741.06,208.99
ORD-100592,2025-01-03,CUST-6111,Shane Smith,Matthewland,East,Furniture,7,879.73,224.09
ORD-100593,2024-01-31,CUST-7149,Kevin Barron,New Elizabethberg,East,Furniture,5,410.1,66.06
ORD-100594,2025-06-20,CUST-7498,Aaron Reed,Davidtown,West,Furniture,5,333.76,22.26
ORD-100595,2024-11-19,CUST-4249,Christopher Zuniga,Reyesmouth,North,Office Supplies,5,670.92,157.66
ORD-100596,2024-09-26,CUST-2245,Marcus Lopez,Lewisport,South,Furniture,3,809.77,-109.05
ORD-100597,2025-04-26,CUST-4978,Nathaniel Mcneil,West Scott,East,Technology,1,764.66,149.3
ORD-100598,2024-11-07,CUST-2669,Alexander Stewart,Mullinsfort,West,Technology,5,799.84,-110.05
ORD-100599,2025-03-03,CUST-5941,Hannah Mitchell,New Larry,East,Technology,9,441.23,86.97
ORD-100600,2024-02-10,CUST-2983,Colleen Daniels,Port Johnhaven,East,Technology,1,819.66,-50.91
ORD-100601,2025-04-28,CUST-1672,Kimberly Brown,South Leslie,South,Technology,3,129.01,30.77
ORD-100602,2024-10-21,CUST-6688,Mason Werner,East Johnmouth,North,Technology,4,549.04,149.35
ORD-100603,2025-03-30,CUST-9728,Bianca Stevens,Brownview,North,Technology,1,15.7,-1.97
ORD-100604,2025-01-06,CUST-8018,Michael Lopez,West Natalieview,South,Furniture,1,331.34,10.38
ORD-100605,2024-01-08,CUST-7071,Teresa Lane,Haroldberg,West,Office Supplies,8,372.8,108.3
ORD-100606,2024-07-27,CUST-2129,Mark Hardy,North Crystalshire,West,Office Supplies,2,402.21,16.77
ORD-100607,2023-08-25,CUST-9289,Jennifer Randolph,Jamesborough,North,Office Supplies,8,698.51,161.9
ORD-100608,2025-03-12,CUST-6590,Daniel Whitney,Port Chrisfort,East,Office Supplies,7,394.67,37.24
ORD-100609,2023-10-25,CUST-1207,Scott Jackson,Martinborough,East,Technology,2,454.21,-5.6
ORD-100610,2023-12-19,CUST-7882,Elijah Thornton,Nunezshire,West,Technology,6,245.17,-14.0
ORD-100611,2024-02-01,CUST-9031,Cassandra Williams,Vaughnburgh,South,Technology,6,379.52,-37.34
ORD-100612,2023-12-01,CUST-2729,William Bowers,Lake Lisaland,East,Technology,3,235.0,42.51
ORD-100613,2025-02-13,CUST-8102,Troy Ross PhD,Bryanfort,West,Furniture,2,82.46,-0.55
ORD-100614,2024-01-14,CUST-6934,Cathy Velasquez,Leeton,South,Office Supplies,1,607.41,33.79
ORD-100615,2024-06-14,CUST-8532,Tabitha Stewart,Lake Shawnfurt,North,Furniture,6,671.53,31.0
ORD-100616,2025-01-18,CUST-3506,Amy Cochran,South Andrewberg,South,Office Supplies,5,623.3,55.25
ORD-100617,2024-06-25,CUST-8135,David Sanders,New Robinstad,North,Furniture,9,468.86,109.15
ORD-100618,2023-08-23,CUST-3885,Frances Wilson,North Stephanieborough,West,Office Supplies,1,385.99,112.08
ORD-100619,2024-04-17,CUST-9548,Cassidy Gomez,Port Ashleyshire,South,Office Supplies,7,864.7,3.28
ORD-100620,2024-05-27,CUST-5425,Joseph Flowers,Port Haley,West,Furniture,5,523.89,111.99
ORD-100621,2024-07-31,CUST-9817,Dr. Jeffrey Walker DDS,New Brenda,North,Furniture,5,484.39,88.29
ORD-100622,2024-02-27,CUST-8921,Sarah Wilson,Port Austinstad,East,Technology,2,35.39,3.07
ORD-100623,2024-07-16,CUST-8616,Maria Mitchell,Kerrfort,East,Furniture,3,347.84,96.71
ORD-100624,2024-03-20,CUST-8136,Rebecca Gomez,Lake Josephton,North,Office Supplies,7,386.39,-38.55
ORD-100625,2024-10-10,CUST-5397,David Thompson,Port Cynthiahaven,East,Office Supplies,6,404.83,-58.85
ORD-100626,2024-02-11,CUST-6280,Amanda White,Gatesfurt,East,Office Supplies,2,584.37,132.64
ORD-100627,2025-07-06,CUST-5022,Kimberly Murphy,Lake Erik,South,Office Supplies,6,538.27,10.54
ORD-100628,2024-06-05,CUST-2419,Nichole Golden,Harperfort,South,Furniture,2,611.83,136.73
ORD-100629,2024-06-08,CUST-5569,Katherine Ward,North Josephland,East,Technology,2,767.23,189.16
ORD-100630,2025-05-22,CUST-8385,Mark Robertson,Huertafort,South,Office Supplies,2,814.86,-137.52
ORD-100631,2023-10-07,CUST-4995,Cathy Lopez,Port Darlene,North,Office Supplies,3,720.94,174.27
ORD-100632,2024-11-20,CUST-8613,Daniel Wright,New Jonathan,South,Office Supplies,2,955.97,23.1
ORD-100633,2025-04-17,CUST-7209,David Adams,Brookschester,South,Furniture,4,28.05,1.55
ORD-100634,2025-06-04,CUST-6511,Francisco Ibarra,Buckchester,South,Office Supplies,9,203.82,23.09
ORD-100635,2025-06-08,CUST-1470,Mary Allen,Darrellbury,West,Technology,6,17.49,4.6
ORD-100636,2023-07-16,CUST-9098,Bruce Yu,Lake Mariah,North,Technology,1,651.0,-123.98
ORD-100637,2023-12-27,CUST-6325,Katherine Murphy,Aaronfort,East,Office Supplies,8,899.05,34.54
ORD-100638,2024-08-03,CUST-3979,Jason Floyd,Meadowsville,East,Office Supplies,7,251.05,36.12
ORD-100639,2023-08-02,CUST-8988,Steven Martin,North Carla,West,Furniture,3,927.76,149.7
ORD-100640,2024-09-21,CUST-4475,Elizabeth Sanchez,Lake Cesar,South,Office Supplies,1,69.66,10.19
ORD-100641,2023-11-13,CUST-6813,Nicole Wang,New Jonathanport,North,Furniture,5,935.09,-124.16
ORD-100642,2024-09-02,CUST-5232,Edward Tate,Gardnermouth,North,Technology,4,358.11,-18.01
ORD-100643,2024-04-07,CUST-6576,Scott Ramirez,North Brittanybury,East,Furniture,8,110.41,-2.28
ORD-100644,2025-03-23,CUST-5581,Kristina Meyers,Edwardsville,West,Furniture,1,491.01,99.29
ORD-100645,2024-04-06,CUST-5526,Rose Lewis,North Jenniferstad,West,Office Supplies,1,264.21,-16.02
ORD-100646,2024-03-11,CUST-1166,Andrea Gomez,West Marcus,West,Technology,4,292.02,-27.64
ORD-100647,2025-03-30,CUST-9464,Scott Collins,Port Amberburgh,West,Furniture,8,314.22,87.58
ORD-100648,2025-02-28,CUST-4130,Jasmine Schmidt,Susanshire,North,Technology,5,805.0,-157.43
ORD-100649,2025-03-12,CUST-2402,Andrea Mcgrath MD,South Megan,South,Furniture,2,543.77,162.54
ORD-100650,2025-04-04,CUST-4954,Daniel Levy,West Timothyton,East,Technology,6,318.19,44.04
ORD-100651,2024-03-17,CUST-7658,Daniel Taylor,New Rachaelhaven,North,Furniture,5,614.23,131.59
ORD-100652,2024-01-23,CUST-9004,Shannon Martinez MD,New Joshua,West,Technology,2,718.99,-37.88
ORD-100653,2024-09-08,CUST-4937,Lauren Miranda,North Davidberg,West,Furniture,3,279.9,-53.98
ORD-100654,2024-06-29,CUST-8800,Michael Ramirez,Josephhaven,East,Technology,9,419.41,70.85
ORD-100655,2024-02-15,CUST-9041,Ronald Baird,Port Stephanie,South,Furniture,7,130.67,28.36
ORD-100656,2024-08-02,CUST-8342,Craig Soto,Georgeberg,South,Office Supplies,7,189.34,32.23
ORD-100657,2024-02-08,CUST-1282,Linda Bowen,Portermouth,South,Technology,6,684.31,-87.99
ORD-100658,2024-04-18,CUST-2524,Steven Lam,Geraldville,West,Office Supplies,8,189.62,33.51
ORD-100659,2023-07-31,CUST-5820,Terry Clark,Shawnhaven,North,Office Supplies,4,529.91,97.75
ORD-100660,2023-12-22,CUST-4630,Scott Lucas,Englishborough,North,Furniture,8,711.96,92.04
ORD-100661,2023-09-19,CUST-7625,Bradley Meyer,Scottfurt,South,Office Supplies,4,115.81,21.2
ORD-100662,2023-08-23,CUST-4986,Robert Wade,Claudiaburgh,East,Technology,8,571.64,127.45
ORD-100663,2023-09-16,CUST-6016,Andrew Rodriguez,Andrewside,South,Furniture,9,264.0,28.2
ORD-100664,2024-03-14,CUST-7046,Richard Anderson,Lake Christinamouth,South,Furniture,3,963.3,-149.98
ORD-100665,2025-03-18,CUST-8753,John Ramos,Wolfland,East,Technology,3,488.71,21.41
ORD-100666,2024-06-13,CUST-9698,Robert Little,Nelsonside,South,Technology,2,807.93,-130.22
ORD-100667,2024-05-09,CUST-6632,Jasmine Davis,Stephaniebury,East,Office Supplies,3,554.72,2.09
ORD-100668,2025-07-04,CUST-7971,Paul Green,North Bradleymouth,East,Office Supplies,3,52.98,0.19
ORD-100669,2024-07-24,CUST-6419,Sherry Smith,Sandrafort,North,Furniture,5,636.82,-106.35
ORD-100670,2025-07-05,CUST-6764,Jennifer Cabrera,Brownfort,East,Technology,5,951.89,-24.36
ORD-100671,2024-03-02,CUST-8434,Taylor Price,Wheelerport,South,Technology,2,605.6,-87.51
ORD-100672,2024-06-28,CUST-5438,Mr. Cody Todd,Melissatown,East,Furniture,6,821.0,167.58
ORD-100673,2023-07-16,CUST-6023,Dana Brown,Ricefurt,South,Office Supplies,5,885.36,242.45
ORD-100674,2025-01-23,CUST-5118,Kyle Stevenson,Jodyport,East,Technology,6,235.8,-38.63
ORD-100675,2023-08-25,CUST-4777,Cindy Hanna,South Robert,North,Office Supplies,1,219.92,61.04
ORD-100676,2023-08-21,CUST-2976,Monica White,Joshuaborough,South,Office Supplies,5,614.87,37.68
ORD-100677,2025-02-16,CUST-4155,Stephen Garcia,Rhodesfurt,South,Furniture,9,416.92,-20.94
ORD-100678,2024-04-06,CUST-6169,Matthew Calderon,Davidborough,South,Technology,2,841.46,-135.95
ORD-100679,2025-05-06,CUST-2958,Lindsey Cherry,Richstad,East,Furniture,1,901.02,45.33
ORD-100680,2024-09-12,CUST-9779,Jacob Farrell,South Brian,North,Furniture,9,359.89,70.99
ORD-100681,2024-07-19,CUST-4033,Keith Barry,Colontown,North,Office Supplies,9,244.5,37.54
ORD-100682,2023-08-02,CUST-4138,Brandon Brown,Rodriguezview,North,Technology,9,782.72,-136.89
ORD-100683,2024-01-16,CUST-4545,Charles Harrison,Shelbyhaven,North,Furniture,6,282.06,-46.13
ORD-100684,2024-06-16,CUST-8933,Brandi Smith,North Paulborough,East,Technology,8,824.39,1.18
ORD-100685,2024-08-18,CUST-5530,Michael Joseph,North Gary,South,Furniture,1,429.5,-22.49
ORD-100686,2024-10-31,CUST-9595,Jeremy Lawrence,Murraybury,West,Technology,4,670.87,-56.22
ORD-100687,2024-07-28,CUST-5636,Daniel Hernandez,Frostview,North,Furniture,1,104.58,-6.22
ORD-100688,2025-04-21,CUST-2647,Todd Harris,Dawsonfort,West,Office Supplies,8,627.62,126.62
ORD-100689,2024-05-11,CUST-4180,Amy Buchanan,Austinmouth,East,Office Supplies,1,457.25,120.99
ORD-100690,2024-09-23,CUST-5853,Benjamin Rowland,Pittmanland,East,Furniture,3,590.74,1.51
ORD-100691,2025-05-26,CUST-4727,Susan Bryant,Port Phillipport,West,Office Supplies,4,176.33,44.62
ORD-100692,2025-02-21,CUST-6912,Blake Chapman,East Seanland,South,Furniture,8,739.51,-29.03
ORD-100693,2024-11-19,CUST-3939,Jennifer Jackson,Mendozaburgh,West,Office Supplies,6,864.17,33.03
ORD-100694,2024-05-27,CUST-5952,Kristi Dixon,Port Justin,East,Technology,7,224.57,-19.53
ORD-100695,2024-06-28,CUST-1231,Joshua Holmes,Ramseyberg,West,Office Supplies,8,104.76,12.6
ORD-100696,2024-10-24,CUST-9751,Alyssa Wilson,Emmachester,North,Technology,2,33.4,9.67
ORD-100697,2024-12-09,CUST-3073,Colleen Moon,Juliechester,North,Technology,8,645.55,65.68
ORD-100698,2025-04-15,CUST-5494,Karen Thompson,Mcbrideshire,South,Office Supplies,3,611.02,-12.89
ORD-100699,2023-10-14,CUST-1745,Brady Lee,South Eric,West,Technology,7,551.23,68.3
ORD-100700,2024-05-15,CUST-1893,Meredith Lowe,Port Sara,West,Office Supplies,3,239.63,-33.2
ORD-100701,2024-01-22,CUST-5786,Jennifer Morrow,North Paigeborough,West,Technology,7,397.0,97.0
ORD-100702,2024-08-28,CUST-3068,Elizabeth Adkins,New Stephanie,West,Office Supplies,2,598.53,30.85
ORD-100703,2024-09-22,CUST-9042,Scott Tapia,Kathleenview,South,Technology,6,501.8,12.38
ORD-100704,2024-09-02,CUST-2680,Angela Knox MD,North Alexisport,East,Furniture,3,987.91,91.81
ORD-100705,2024-10-27,CUST-1200,Kristina Dominguez,Port Chaseport,South,Office Supplies,3,145.08,16.31
ORD-100706,2025-04-24,CUST-5658,James Love,New Ronnieville,East,Office Supplies,9,698.19,-114.58
ORD-100707,2024-01-21,CUST-8690,Shannon West,Knoxtown,East,Office Supplies,7,410.28,57.98
ORD-100708,2025-06-04,CUST-8843,Jody Mcclain,Lake Heather,East,Technology,5,433.92,-34.29
ORD-100709,2023-08-02,CUST-8216,Jeffery Duncan,New Briantown,West,Furniture,7,720.42,113.09
ORD-100710,2025-06-09,CUST-6582,Dr. Christopher Jenkins,Castilloville,South,Technology,9,695.51,146.94
ORD-100711,2025-06-12,CUST-4020,Annette Warner,Craigport,East,Technology,1,991.34,200.23
ORD-100712,2025-03-14,CUST-1841,Steven Williams,Port Jamesberg,North,Office Supplies,7,137.11,10.45
ORD-100713,2025-06-06,CUST-5136,Meredith Gonzalez,Jenniferfort,East,Technology,6,113.07,6.79
ORD-100714,2024-01-10,CUST-8827,Jessica Norris,North Steve,South,Technology,9,727.1,-93.48
ORD-100715,2025-04-30,CUST-2869,Ryan Serrano,Jonathonborough,West,Furniture,1,582.6,109.34
ORD-100716,2024-06-10,CUST-2070,Christopher Malone,South Brittney,North,Technology,4,281.42,-18.09
ORD-100717,2024-04-02,CUST-7565,Angela Huber,Gardnerborough,East,Furniture,9,88.63,4.29
ORD-100718,2024-05-24,CUST-9056,Andrew Williams,South Ashleyhaven,West,Office Supplies,4,94.8,-5.49
ORD-100719,2024-10-25,CUST-2213,Michael Weber,Lake Edward,South,Furniture,3,895.25,-119.15
ORD-100720,2025-05-11,CUST-1878,Robert Kennedy,South Dawn,South,Furniture,9,199.95,22.95
ORD-100721,2024-05-19,CUST-3485,Amanda Evans,Pachecofort,North,Office Supplies,2,330.14,-57.06
ORD-100722,2024-01-23,CUST-3444,Anna Mitchell,Franklinfort,North,Furniture,4,234.39,40.86
ORD-100723,2023-08-28,CUST-5978,Kimberly Jackson,Savannahton,East,Furniture,6,361.45,-14.89
ORD-100724,2023-09-30,CUST-2395,Colleen Green,New Kellyberg,West,Office Supplies,2,78.73,-15.74
ORD-100725,2024-01-22,CUST-5066,Jennifer Harris,Westfort,West,Technology,8,523.87,29.11
ORD-100726,2024-01-20,CUST-2940,Eduardo Mccullough,Lake Tonya,South,Furniture,8,76.94,-13.59
ORD-100727,2024-10-02,CUST-7818,Wayne Mendoza,Michaelfurt,South,Technology,1,802.35,-49.68
ORD-100728,2024-04-19,CUST-4697,Tony Long,Stevenstad,East,Office Supplies,3,241.37,37.05
ORD-100729,2024-06-25,CUST-9561,Richard Castro,Jessicaview,East,Office Supplies,9,544.61,-91.85
ORD-100730,2024-10-19,CUST-7232,Aaron White,North Sandyfurt,South,Technology,5,881.28,193.59
ORD-100731,2023-12-07,CUST-8381,Andres Watson,Joshuafort,South,Furniture,6,654.37,-129.62
ORD-100732,2024-01-08,CUST-8253,Mr. Jason Johnson,South Michelle,West,Technology,4,537.63,-41.18
ORD-100733,2024-12-03,CUST-5871,Shawn Robles,Martinland,West,Office Supplies,2,331.09,56.43
ORD-100734,2024-07-29,CUST-8025,Maria Mason,North Jose,West,Office Supplies,8,339.67,-14.22
ORD-100735,2023-09-10,CUST-6003,Veronica Barnes,New Samuel,East,Furniture,6,672.79,-100.28
ORD-100736,2025-02-26,CUST-1986,Scott Carroll,Laurenside,West,Office Supplies,5,994.2,-19.77
ORD-100737,2023-07-30,CUST-2625,Rachel Gordon,Lake Elizabeth,North,Technology,9,665.22,-43.11
ORD-100738,2025-01-06,CUST-4404,Darryl Miller,Jensenmouth,North,Technology,1,562.21,124.45
ORD-100739,2023-07-31,CUST-4457,Tina Mcbride,Valerieland,West,Technology,5,733.34,-31.77
ORD-100740,2023-10-13,CUST-5335,Amy Burnett,Rossbury,West,Technology,6,470.55,91.51
ORD-100741,2025-05-02,CUST-2330,Travis Montgomery,Robersonton,South,Furniture,5,69.54,17.1
ORD-100742,2025-05-23,CUST-3573,Patrick Valencia,Alicialand,South,Technology,6,566.67,9.58
ORD-100743,2024-11-17,CUST-4929,Kimberly Ramirez,Garciaport,East,Furniture,6,958.05,244.28
ORD-100744,2024-06-30,CUST-3847,Darryl Morales,Gregoryside,North,Office Supplies,7,183.55,-2.08
ORD-100745,2024-03-17,CUST-2229,Kelly Jones,New Kerry,North,Office Supplies,4,693.1,195.48
ORD-100746,2023-12-22,CUST-3564,Diane Meyer,Calhounport,East,Furniture,8,208.92,-32.46
ORD-100747,2024-10-03,CUST-1043,Autumn Haynes,East Jamesville,West,Furniture,7,540.47,77.56
ORD-100748,2025-01-11,CUST-7693,Taylor Simpson,Mcbrideburgh,West,Office Supplies,9,105.71,4.96
ORD-100749,2024-05-06,CUST-8381,Nathan Wilson,Banksfurt,East,Office Supplies,7,455.87,-2.82
ORD-100750,2024-09-23,CUST-8699,Hannah Ramsey,Lake Theresabury,North,Technology,3,758.6,88.27
ORD-100751,2024-03-04,CUST-5771,Bryan Carroll MD,Heidiberg,North,Furniture,3,354.1,53.8
ORD-100752,2024-12-07,CUST-1534,Nancy Rogers,Jonesview,West,Office Supplies,8,668.26,-132.19
ORD-100753,2024-02-18,CUST-4792,Christopher Williams,New Allen,South,Furniture,5,797.5,-92.93
ORD-100754,2023-11-30,CUST-5720,Veronica Mullen,Johnsontown,East,Office Supplies,4,927.91,145.24
ORD-100755,2025-06-23,CUST-5632,Joel Stevens,Reyesfurt,East,Furniture,8,242.3,32.27
ORD-100756,2023-12-09,CUST-8438,Jennifer Rubio,Lake Rachel,West,Furniture,6,405.32,114.72
ORD-100757,2025-01-26,CUST-2166,Martin Olsen,East Christopher,East,Office Supplies,2,160.89,29.04
ORD-100758,2025-03-17,CUST-4824,Maria Mills,North Richard,North,Technology,4,992.56,273.34
ORD-100759,2024-11-06,CUST-5334,Jon Walter,Lake Taylor,West,Technology,4,927.73,140.34
ORD-100760,2025-07-03,CUST-4241,David Hopkins,Rachelland,North,Technology,6,544.56,-27.76
ORD-100761,2024-11-27,CUST-7965,Krista Swanson,North Connie,South,Office Supplies,6,843.61,-124.28
ORD-100762,2023-10-20,CUST-2880,Scott Allen,Robertstad,East,Office Supplies,1,525.75,100.37
ORD-100763,2023-10-08,CUST-9922,Gary Durham,Espinozaport,East,Technology,8,627.35,76.58
ORD-100764,2023-08-19,CUST-4683,Christine Richards,Timborough,North,Office Supplies,6,98.23,-17.28
ORD-100765,2024-07-28,CUST-3441,James Hayes,Aliciatown,West,Office Supplies,3,757.72,-15.14
ORD-100766,2023-10-05,CUST-5352,Jodi Cuevas,North Lisaville,West,Technology,9,136.44,37.98
ORD-100767,2025-06-26,CUST-3330,Eric Martinez,Justinshire,East,Office Supplies,2,827.81,41.56
ORD-100768,2024-02-02,CUST-2169,Heather Dudley,Lake Angel,North,Office Supplies,8,784.21,12.83
ORD-100769,2025-05-03,CUST-1977,Susan Lopez,Ashleyview,South,Furniture,3,711.66,20.53
ORD-100770,2024-02-21,CUST-3718,James Holloway,West Isaiahville,North,Furniture,5,45.8,-4.38
ORD-100771,2024-02-25,CUST-6039,Thomas Morgan,Lake Teresa,West,Technology,6,310.1,-4.85
ORD-100772,2025-06-29,CUST-5728,Rebecca Davis,South Elizabethhaven,East,Furniture,6,270.48,-4.08
ORD-100773,2023-12-10,CUST-8195,Jennifer Mcgee,Crystalburgh,East,Furniture,4,366.54,-63.71
ORD-100774,2023-07-19,CUST-3037,Anthony Haynes,New Jamesport,East,Office Supplies,3,96.77,17.78
ORD-100775,2024-04-01,CUST-8679,Caroline Mcdaniel,West Janiceland,South,Furniture,4,937.59,7.74
ORD-100776,2024-04-16,CUST-5982,Zachary Cannon,Brucefurt,South,Office Supplies,1,558.26,117.84
ORD-100777,2024-10-03,CUST-7594,Bianca Braun,Fisherfort,West,Furniture,4,312.47,70.36
ORD-100778,2025-04-09,CUST-5460,Joseph Jones,Snowshire,North,Technology,1,403.01,-37.88
ORD-100779,2024-09-22,CUST-9199,Betty Peterson,Jerryland,North,Office Supplies,1,452.73,58.26
ORD-100780,2024-06-02,CUST-9847,Sierra Richardson,Andersonville,North,Furniture,6,604.59,21.85
ORD-100781,2023-07-22,CUST-9090,Diana Miller,Miguelstad,South,Office Supplies,5,520.52,124.97
ORD-100782,2024-05-27,CUST-8172,Sarah Foster,South Megan,East,Technology,4,920.2,-84.78
ORD-100783,2025-04-14,CUST-2317,Nathaniel Hall,Alexanderfort,West,Technology,3,501.99,69.73
ORD-100784,2024-12-03,CUST-1653,Austin Benson,New Ashley,West,Office Supplies,1,992.24,103.07
ORD-100785,2024-07-05,CUST-8078,Janet Gordon,Lake Derekland,South,Technology,6,852.91,-44.65
ORD-100786,2024-05-31,CUST-6280,Jeremy Taylor,South Jeffreyfurt,South,Technology,2,216.43,-28.5
ORD-100787,2025-06-14,CUST-5102,Carol Hill,Port Carrieburgh,East,Furniture,8,931.29,117.17
ORD-100788,2024-04-12,CUST-1423,Jorge Johnson,East Traceychester,East,Technology,5,125.2,21.2
ORD-100789,2025-05-14,CUST-2496,Robert Luna,Port Daisy,South,Furniture,7,819.28,-34.56
ORD-100790,2024-08-29,CUST-4750,Lance Nicholson,Jenniferville,West,Office Supplies,2,386.82,47.35
ORD-100791,2023-07-19,CUST-1339,Betty Lee,West Micheal,East,Technology,8,879.19,-2.14
ORD-100792,2024-04-05,CUST-5415,Angela Young,Bretthaven,East,Office Supplies,2,869.38,136.15
ORD-100793,2025-04-18,CUST-1659,David Bender,North Melissa,West,Technology,4,807.87,-81.1
ORD-100794,2025-06-19,CUST-3870,Beth Smith,Alexandrahaven,East,Furniture,1,792.13,194.16
ORD-100795,2025-06-02,CUST-8708,Perry Miller,Curtisshire,West,Technology,5,311.63,-17.54
ORD-100796,2023-08-23,CUST-9502,Joshua Ruiz DVM,East Holly,North,Office Supplies,9,90.11,-1.45
ORD-100797,2023-12-21,CUST-8245,Thomas Jennings,Jamesmouth,East,Technology,1,408.95,-69.91
ORD-100798,2023-10-23,CUST-5557,Dr. Shane Johnson,North Gina,East,Furniture,9,181.79,-26.22
ORD-100799,2024-03-21,CUST-3973,Brian Patel,Tuckerside,North,Office Supplies,8,698.0,40.44
ORD-100800,2023-11-16,CUST-8141,Carol Price,North Abigail,West,Furniture,6,352.64,-23.35
ORD-100801,2024-11-17,CUST-9056,Larry Pennington,Robertland,East,Technology,7,975.85,212.48
ORD-100802,2023-12-14,CUST-2494,Steven Mckinney,Glennhaven,North,Technology,3,644.56,-124.18
ORD-100803,2023-11-21,CUST-8700,Taylor Olson,Port Elizabeth,West,Furniture,1,824.26,-8.62
ORD-100804,2023-07-15,CUST-6700,Michael Thomas,West Nicolefurt,East,Office Supplies,5,141.2,-4.42
ORD-100805,2023-12-28,CUST-7690,Carol Lee,Kristishire,South,Furniture,2,863.39,-164.33
ORD-100806,2024-06-07,CUST-6460,William Watson,Sydneybury,North,Office Supplies,5,923.53,-127.28
ORD-100807,2024-09-21,CUST-6260,David Holt,East Victorview,West,Office Supplies,8,492.19,3.36
ORD-100808,2024-12-29,CUST-2713,Latoya King,Josephhaven,South,Office Supplies,9,610.19,28.33
ORD-100809,2024-07-27,CUST-3634,Michael Reynolds,Samanthashire,West,Furniture,2,767.16,1.65
ORD-100810,2024-01-20,CUST-6403,Sabrina Gray,Lake Anthonymouth,South,Office Supplies,3,183.09,11.99
ORD-100811,2025-02-19,CUST-7744,Tiffany Banks,New Christopher,South,Furniture,3,507.54,49.52
ORD-100812,2023-11-04,CUST-9117,Christopher Robinson,South Shelleymouth,North,Furniture,1,404.68,-78.93
ORD-100813,2025-06-09,CUST-5722,Sharon Clark,West Jacobborough,North,Furniture,8,154.91,4.96
ORD-100814,2025-06-29,CUST-7561,Jacob Martin,North Christopherside,South,Technology,6,373.86,105.33
ORD-100815,2024-11-14,CUST-1601,Timothy Griffith,South Ronald,North,Technology,8,77.49,4.61
ORD-100816,2023-11-10,CUST-8451,Brenda Schaefer,Molinaborough,West,Technology,9,35.55,4.93
ORD-100817,2023-08-03,CUST-2442,Michael Sanford,New Claudiaport,East,Office Supplies,5,143.81,-6.34
ORD-100818,2023-12-02,CUST-6153,Kenneth Phillips,East Jeremyland,West,Technology,3,963.48,180.17
ORD-100819,2024-09-26,CUST-5135,Autumn Taylor,Lake Geraldborough,South,Technology,5,554.03,103.3
ORD-100820,2023-11-25,CUST-6296,Austin Burns,Younghaven,West,Technology,5,966.16,58.6
ORD-100821,2025-06-19,CUST-2899,John Smith,Lake David,South,Office Supplies,5,438.17,126.2
ORD-100822,2023-12-05,CUST-7622,Michelle Coffey DDS,Johnburgh,West,Furniture,3,318.7,-43.73
ORD-100823,2025-02-20,CUST-9431,Lauren Rodriguez,North Jessica,West,Technology,4,511.08,-97.89
ORD-100824,2025-03-23,CUST-1018,Lindsay Howard,Ricardofort,North,Furniture,9,445.12,82.38
ORD-100825,2024-01-01,CUST-9889,Jonathan Flores,Wrightchester,South,Furniture,9,114.61,23.33
ORD-100826,2024-08-16,CUST-8569,Joseph Avila,Raymondchester,South,Furniture,2,644.42,-90.15
ORD-100827,2025-03-09,CUST-7770,Larry Andrews,Joshuaberg,East,Furniture,8,223.88,-15.05
ORD-100828,2023-12-16,CUST-1888,Shannon Thompson,Melissamouth,West,Technology,8,623.39,-119.21
ORD-100829,2024-03-29,CUST-4073,Hunter Cohen,Jonathantown,West,Office Supplies,7,653.7,-34.87
ORD-100830,2024-11-28,CUST-9494,Jamie Wagner,Conradville,East,Technology,8,160.5,29.94
ORD-100831,2023-11-08,CUST-6927,Dr. Sheryl Jackson,East Tracey,South,Office Supplies,3,70.74,4.17
ORD-100832,2024-08-09,CUST-9167,Thomas Keith,Port Dale,West,Technology,6,782.95,-20.32
ORD-100833,2023-09-01,CUST-8242,Jessica Fox,Port Tracy,East,Technology,1,465.2,-6.57
ORD-100834,2024-07-02,CUST-1845,Anthony Barber,West April,East,Furniture,7,67.58,-13.47
ORD-100835,2024-08-25,CUST-4335,Mary Reed,Christianside,East,Office Supplies,1,994.92,-49.85
ORD-100836,2024-10-20,CUST-5375,Jeremy White,Lake Jerryview,West,Technology,9,67.2,8.28
ORD-100837,2023-10-26,CUST-9998,Ashley Johnson,Cowanland,South,Office Supplies,1,698.08,200.42
ORD-100838,2025-02-23,CUST-3146,Mrs. Rebecca Valencia,North David,South,Office Supplies,1,983.84,219.92
ORD-100839,2024-10-09,CUST-5719,Joshua Brown,Lopezton,East,Technology,7,246.79,-46.45
ORD-100840,2023-12-20,CUST-8178,Michael Mitchell,Perryfurt,East,Office Supplies,2,150.83,37.6
ORD-100841,2024-02-17,CUST-8941,Dwayne Scott,Johnburgh,South,Technology,5,130.17,24.94
ORD-100842,2023-09-17,CUST-2989,Amanda Waller,Jessicafort,East,Technology,8,310.24,59.0
ORD-100843,2023-09-09,CUST-1472,Valerie Palmer,West Christineside,East,Furniture,8,110.04,3.19
ORD-100844,2024-10-07,CUST-4920,Nicole Smith,Matthewport,South,Furniture,3,695.24,-0.69
ORD-100845,2023-08-28,CUST-3594,Tonya Smith,South Cynthiastad,West,Office Supplies,7,71.67,-3.48
ORD-100846,2024-09-12,CUST-6091,Joseph Rodriguez,Hillborough,East,Furniture,3,514.33,-85.97
ORD-100847,2025-05-30,CUST-1224,Diane Watson,Pierceland,West,Office Supplies,6,996.73,-85.6
ORD-100848,2023-10-14,CUST-7684,Jean Parker,New Judyside,East,Technology,6,815.83,-62.57
ORD-100849,2025-06-28,CUST-2527,Deborah Reyes,Owensview,East,Furniture,3,619.07,26.02
ORD-100850,2024-03-14,CUST-4681,John White,Lake Lisachester,East,Technology,7,313.19,54.41
ORD-100851,2024-01-22,CUST-2858,Brian Marshall,Josephside,North,Furniture,3,627.66,23.16
ORD-100852,2024-06-19,CUST-8560,Thomas Howard,South Jacquelineborough,West,Furniture,8,531.77,-90.97
ORD-100853,2023-11-26,CUST-2924,Christopher Hodge,South James,West,Furniture,4,431.82,120.43
ORD-100854,2024-09-23,CUST-3522,Stephanie Anderson,North Randallfurt,East,Technology,1,139.4,37.83
ORD-100855,2025-04-28,CUST-9165,Michael Valencia,Alyssaton,South,Office Supplies,4,887.74,170.97
ORD-100856,2025-01-08,CUST-5781,Douglas Bruce,Pamhaven,East,Furniture,7,455.29,134.61
ORD-100857,2025-02-26,CUST-9337,Kayla Jacobs,Jamesview,North,Technology,4,202.68,14.64
ORD-100858,2023-09-07,CUST-5479,David Turner,Lake Keith,East,Office Supplies,6,374.08,105.26
ORD-100859,2024-06-29,CUST-7807,Kathleen Ibarra,Derrickhaven,North,Office Supplies,9,419.99,-68.12
ORD-100860,2023-12-10,CUST-8905,Emily Stewart MD,South Vanessabury,East,Furniture,1,829.26,-14.23
ORD-100861,2024-05-30,CUST-8736,Jeffrey Tapia,South Lisa,West,Technology,5,736.28,-64.28
ORD-100862,2024-05-07,CUST-4993,Andrew Clark,Lake Ashleymouth,East,Technology,7,771.61,-78.77
ORD-100863,2023-11-11,CUST-8483,Joseph Noble,Natalieport,West,Office Supplies,1,20.92,-2.71
ORD-100864,2024-01-09,CUST-3369,Wesley Jackson,West Patrickstad,South,Technology,4,421.99,46.93
ORD-100865,2023-08-09,CUST-7284,Jerry Sanchez,Oliviachester,South,Office Supplies,6,486.53,92.76
ORD-100866,2025-02-09,CUST-4122,Gwendolyn Patrick,Port Lori,East,Office Supplies,2,29.0,2.59
ORD-100867,2024-10-22,CUST-9327,Johnathan Silva,North Michaelmouth,East,Office Supplies,5,267.22,-33.81
ORD-100868,2025-04-22,CUST-3236,Danny Flores,Port Sarahburgh,South,Furniture,1,762.69,156.78
ORD-100869,2023-07-31,CUST-2143,Dylan Mcguire,Nealport,North,Technology,6,145.74,17.19
ORD-100870,2025-02-14,CUST-5526,Jose Hale,Matthewport,South,Furniture,6,539.96,-3.2
ORD-100871,2025-07-03,CUST-7798,Suzanne Smith,Port Gordon,South,Office Supplies,4,223.05,30.57
ORD-100872,2023-07-20,CUST-6568,Mary Woods,Michaelside,North,Technology,8,22.0,-1.54
ORD-100873,2023-12-20,CUST-9318,John Delgado,Lake Shari,South,Technology,4,248.79,-6.82
ORD-100874,2024-10-09,CUST-5377,Dylan Young,New Seanfort,South,Office Supplies,8,976.12,252.56
ORD-100875,2024-06-19,CUST-1042,Justin Miller,Richardsonmouth,North,Technology,8,803.52,-43.99
ORD-100876,2023-07-31,CUST-5634,William Richmond,Wendymouth,North,Office Supplies,5,959.98,33.59
ORD-100877,2023-12-21,CUST-5891,Matthew Davis,Ramseymouth,West,Office Supplies,4,492.98,120.81
ORD-100878,2024-07-05,CUST-9022,Kyle Ellis,Lake Melissaland,East,Office Supplies,2,118.64,18.25
ORD-100879,2025-05-12,CUST-3434,Alan Bartlett,Tamaraborough,West,Office Supplies,3,552.48,-93.31
ORD-100880,2024-08-16,CUST-8316,Crystal Miller,Alexanderfurt,North,Technology,3,459.83,-58.1
ORD-100881,2024-01-08,CUST-9824,Benjamin Rodriguez,Lake Donald,South,Furniture,4,845.91,-165.87
ORD-100882,2024-04-28,CUST-8935,Jesse Wells,Phamfort,North,Technology,4,107.1,12.37
ORD-100883,2025-04-15,CUST-6654,Cynthia Snow,Emilyville,South,Furniture,5,493.36,11.76
ORD-100884,2025-06-11,CUST-6446,Derek Lewis,Port Donaldside,West,Technology,4,158.55,-21.07
ORD-100885,2023-08-08,CUST-9903,Rodney Lopez,West Richardberg,West,Office Supplies,8,331.43,92.46
ORD-100886,2023-10-03,CUST-7180,Amber Brown,Lake Luke,West,Technology,6,739.98,47.97
ORD-100887,2024-03-12,CUST-8460,Cory Jacobs,North Elizabethshire,South,Technology,6,481.26,-38.05
ORD-100888,2025-01-21,CUST-6272,Tasha Johnson,Chungville,East,Technology,8,382.13,19.22
ORD-100889,2025-02-04,CUST-4090,Jake Mills,Lewisview,East,Office Supplies,7,400.53,56.0
ORD-100890,2025-01-27,CUST-4912,Marilyn Wright,New Jennifer,East,Furniture,8,464.85,-75.25
ORD-100891,2023-08-05,CUST-7274,Maria Acosta,Gonzalesmouth,North,Technology,2,787.17,-49.31
ORD-100892,2024-04-22,CUST-4826,Levi Mercer,West Cassandra,North,Office Supplies,9,893.16,181.74
ORD-100893,2024-01-08,CUST-7730,Shelly Rodriguez,Tomview,South,Furniture,1,955.78,28.51
ORD-100894,2024-04-09,CUST-1715,Colleen Acevedo,Lake Jacob,North,Office Supplies,8,789.03,57.83
ORD-100895,2024-09-04,CUST-6213,Katherine Davis,West Regina,South,Furniture,4,322.25,5.29
ORD-100896,2025-06-06,CUST-8749,George Bell,Edwardburgh,West,Office Supplies,4,691.25,-123.08
ORD-100897,2025-02-23,CUST-7246,Anna Keller,Carlsonbury,South,Office Supplies,5,443.23,-51.91
ORD-100898,2024-10-23,CUST-7325,Haley Martin,Krystalmouth,North,Office Supplies,8,262.12,5.97
ORD-100899,2025-05-19,CUST-3492,Mary Erickson,Lake Erik,West,Office Supplies,5,842.46,-80.38
ORD-100900,2023-08-21,CUST-9115,Mr. Matthew Dunlap,Diazshire,West,Office Supplies,8,48.04,-8.41
ORD-100901,2025-01-14,CUST-1606,John Johnson,Lesterview,South,Technology,1,902.74,200.25
ORD-100902,2023-07-21,CUST-3068,Stephanie Chase,West Kimport,East,Technology,9,466.86,135.67
ORD-100903,2024-08-18,CUST-9229,Michael Jones,West Michelle,North,Furniture,6,640.83,125.97
ORD-100904,2025-01-25,CUST-6439,Sydney Walker,New Teresaport,North,Technology,3,662.76,150.38
ORD-100905,2024-05-22,CUST-2644,Stephanie Lopez,Lake Randyfurt,East,Office Supplies,8,896.17,-70.81
ORD-100906,2025-01-12,CUST-8213,Jonathan Moore Jr.,New Stephaniefurt,North,Office Supplies,9,640.3,179.48
ORD-100907,2025-02-11,CUST-2633,Kristen Anderson,New Sarah,East,Technology,6,617.79,-62.73
ORD-100908,2025-01-24,CUST-9617,Denise Haas,South Kimberlyfort,East,Furniture,7,75.99,20.95
ORD-100909,2023-10-23,CUST-8486,Tony Cox,Thomaschester,West,Furniture,1,523.22,155.61
ORD-100910,2024-06-12,CUST-1251,Ricardo Walker,East Christine,West,Furniture,5,158.67,24.73
ORD-100911,2024-07-07,CUST-3361,Brett Roberts,West Gabrielmouth,South,Technology,5,740.06,215.04
ORD-100912,2024-09-08,CUST-7717,Tanya Fernandez,Glendamouth,West,Office Supplies,4,517.1,43.83
ORD-100913,2023-12-27,CUST-3529,Melissa Lowe,New Saraport,East,Furniture,6,683.43,-48.0
ORD-100914,2024-08-29,CUST-2225,Lisa Torres,Evansstad,South,Furniture,7,51.26,0.95
ORD-100915,2023-10-16,CUST-8692,Steven Goodwin,North Ryan,North,Furniture,9,93.94,9.09
ORD-100916,2024-07-27,CUST-5342,Larry Miranda,South Davidside,East,Office Supplies,1,719.16,-117.55
ORD-100917,2025-02-08,CUST-6546,Juan Harris,Lake Michaelfurt,South,Office Supplies,6,81.36,9.04
ORD-100918,2024-08-07,CUST-7512,Kristen Ellis,West Jacob,West,Furniture,7,80.54,23.4
ORD-100919,2024-07-29,CUST-2315,Erica Riggs,South Allisonland,East,Office Supplies,3,21.99,-2.31
ORD-100920,2025-02-24,CUST-6383,Dawn Brown,Port Ricky,South,Furniture,8,956.94,187.84
ORD-100921,2024-07-18,CUST-9742,Deanna Miller,Jennaburgh,North,Technology,5,740.13,187.96
ORD-100922,2023-12-15,CUST-7226,Lauren Carter,North Robert,East,Furniture,9,359.72,97.79
ORD-100923,2024-05-21,CUST-6188,Colin Gallagher,Greentown,East,Technology,5,303.57,85.02
ORD-100924,2025-05-19,CUST-8994,Eric Rivera,Olsonview,South,Office Supplies,9,356.21,21.63
ORD-100925,2024-02-26,CUST-9864,Angela Cook,Nathanielbury,South,Furniture,4,776.91,224.26
ORD-100926,2024-02-14,CUST-1588,Micheal Torres,Lisafort,West,Office Supplies,9,664.76,118.76
ORD-100927,2023-12-13,CUST-2121,Matthew Dennis,Port Tracy,West,Furniture,5,193.34,-23.04
ORD-100928,2025-04-28,CUST-4846,Nathan Norton,Brownport,East,Technology,9,182.37,7.01
ORD-100929,2023-09-05,CUST-5708,Courtney Myers,Williamsborough,North,Office Supplies,3,107.41,17.1
ORD-100930,2025-06-23,CUST-4727,Joe Hubbard,Mcdonaldland,West,Office Supplies,4,663.7,-50.66
ORD-100931,2024-04-07,CUST-2480,Bryan Park,Joefurt,North,Furniture,9,766.73,92.24
ORD-100932,2025-02-01,CUST-8110,Jennifer Richardson,Johnsonfort,South,Office Supplies,6,272.4,36.31
ORD-100933,2023-12-18,CUST-2612,Joseph Smith,Jenniferside,South,Technology,2,30.74,-3.65
ORD-100934,2025-03-06,CUST-2646,Andrea Mckee,North Brandonland,West,Technology,7,91.35,7.54
ORD-100935,2024-06-03,CUST-8269,Daniel Huber,West Larry,East,Furniture,2,968.18,179.9
ORD-100936,2024-08-24,CUST-3725,Robert Nguyen,Smithfurt,South,Furniture,2,302.49,14.96
ORD-100937,2023-08-15,CUST-5906,Nancy Ruiz,Lopezfort,North,Office Supplies,1,771.53,-149.64
ORD-100938,2024-08-28,CUST-1474,Paul Hernandez,Hayesside,East,Technology,3,628.42,-122.84
ORD-100939,2024-04-12,CUST-1753,Dr. Amy Smith,Cunninghammouth,West,Office Supplies,6,388.12,-8.34
ORD-100940,2024-09-17,CUST-6314,Robin Nelson,Christineberg,South,Technology,8,213.63,56.21
ORD-100941,2024-03-31,CUST-1919,Edward Crane,South Kimberlymouth,West,Technology,9,130.17,-11.15
ORD-100942,2023-09-11,CUST-5806,Taylor Glover,Montestown,East,Furniture,7,618.86,72.52
ORD-100943,2024-08-07,CUST-6873,James Hill,East Dwayneview,East,Office Supplies,4,776.89,-69.11
ORD-100944,2023-08-06,CUST-7141,Guy Rose,Jonathanberg,East,Technology,6,647.47,-25.36
ORD-100945,2024-03-31,CUST-8056,Robert Austin,West Katherine,North,Furniture,5,535.0,119.85
ORD-100946,2025-06-14,CUST-3385,Julie Cannon,New Brandi,East,Technology,8,51.53,8.47
ORD-100947,2024-04-08,CUST-5000,Patrick Dixon II,Rubenton,East,Furniture,1,968.8,-147.55
ORD-100948,2023-08-27,CUST-9702,Ryan Fisher,Hughesberg,South,Furniture,1,800.73,11.49
ORD-100949,2025-04-07,CUST-7751,Rebecca Smith,New Kyleview,North,Furniture,6,299.89,-55.6
ORD-100950,2024-11-04,CUST-3950,Michelle Carr,East David,North,Office Supplies,2,980.17,39.64
ORD-100951,2024-10-15,CUST-3785,Jason Mullen,New Kyle,West,Furniture,5,605.86,79.5
ORD-100952,2024-10-19,CUST-3868,Jordan Daniels,Port Tracyview,East,Furniture,1,586.6,-82.56
ORD-100953,2024-12-15,CUST-2293,Meredith Barrett,East Yolandafort,South,Technology,7,750.59,-41.7
ORD-100954,2025-04-29,CUST-7267,Cheryl May,Barbaramouth,West,Furniture,1,813.65,-0.88
ORD-100955,2025-01-11,CUST-4945,Kenneth Shannon,Hendrixfurt,East,Technology,4,659.91,171.42
ORD-100956,2024-09-21,CUST-9153,Matthew Anderson,East Jacob,North,Technology,9,136.81,40.58
ORD-100957,2025-06-11,CUST-3344,David Payne,North Anna,East,Office Supplies,1,344.88,-61.23
ORD-100958,2024-06-15,CUST-4804,Andrew Smith,New Carloshaven,East,Furniture,4,928.8,167.65
ORD-100959,2024-07-11,CUST-8555,Brian West,Deannabury,South,Furniture,6,232.37,-3.29
ORD-100960,2025-04-18,CUST-5161,Meghan Blair,Westside,South,Technology,6,378.45,-1.43
ORD-100961,2023-08-18,CUST-8529,Laura Diaz,Port Megan,South,Office Supplies,8,437.76,77.54
ORD-100962,2023-08-02,CUST-5183,Collin Callahan,North Jamieberg,West,Furniture,1,445.01,115.35
ORD-100963,2024-02-24,CUST-1153,Joshua Decker,North Meganshire,South,Office Supplies,7,616.81,169.91
ORD-100964,2024-01-13,CUST-8622,Carrie Delacruz,Romerofurt,West,Technology,1,943.65,83.57
ORD-100965,2024-02-03,CUST-5712,Alan Ortiz,East Nicholaston,East,Furniture,7,248.29,-5.32
ORD-100966,2023-10-03,CUST-9955,Denise Clark,South Jameschester,West,Office Supplies,3,130.29,25.25
ORD-100967,2025-03-12,CUST-3588,Kristin Reilly,Samuelview,West,Furniture,8,205.5,-15.31
ORD-100968,2024-02-11,CUST-2210,Sally Montgomery,Lake Charles,South,Furniture,3,888.06,72.85
ORD-100969,2023-10-13,CUST-8237,Jeffrey Porter,Pricetown,South,Office Supplies,1,649.35,-13.45
ORD-100970,2025-07-04,CUST-6661,Laura Browning,New Kelsey,North,Furniture,8,293.05,37.6
ORD-100971,2024-07-18,CUST-5901,Leslie Brown,South Derekside,West,Technology,3,817.79,-65.26
ORD-100972,2024-04-26,CUST-7951,Courtney Smith,North Tiffany,East,Furniture,2,862.76,-89.9
ORD-100973,2024-02-20,CUST-5097,Tracy Russell,Lake Damon,North,Furniture,1,848.05,219.75
ORD-100974,2025-03-28,CUST-8484,Anna Newman,New Derekville,North,Office Supplies,3,919.74,-137.13
ORD-100975,2025-01-10,CUST-5949,Ricky Navarro,East Heather,North,Office Supplies,2,259.72,13.76
ORD-100976,2023-12-29,CUST-4263,William Mendez,Brownshire,South,Office Supplies,2,757.49,-67.85
ORD-100977,2024-01-03,CUST-7302,Kayla Richards,North Michelefort,South,Furniture,6,465.93,-84.12
ORD-100978,2024-03-08,CUST-8916,Daniel Barnes,Ericksonhaven,South,Office Supplies,1,843.58,-153.52
ORD-100979,2023-12-16,CUST-2747,Mary Wong,Spencerview,East,Furniture,2,731.21,-82.18
ORD-100980,2023-12-03,CUST-4886,Chris Flores,Lake Denise,West,Technology,6,778.68,181.73
ORD-100981,2024-04-17,CUST-7248,Nicholas Cruz,Fisherborough,North,Technology,3,659.6,-38.76
ORD-100982,2023-08-30,CUST-6881,Kenneth Townsend,East Shannonchester,South,Furniture,4,185.65,51.1
ORD-100983,2024-04-13,CUST-5847,Stacy Richard,West Jamesland,West,Furniture,1,549.58,49.91
ORD-100984,2024-10-23,CUST-5837,Nicole Johnson,Norrisberg,North,Technology,8,984.82,18.03
ORD-100985,2024-02-26,CUST-1359,Elizabeth Weeks,Ryanfurt,West,Technology,7,938.01,84.46
ORD-100986,2023-09-04,CUST-7484,Kathleen Webb,Garrettside,North,Furniture,7,52.74,3.08
ORD-100987,2024-08-23,CUST-5497,Evan Edwards,Elizabethhaven,West,Technology,3,173.17,31.06
ORD-100988,2024-12-31,CUST-1132,Eileen Vasquez,Kimberlyville,South,Technology,3,140.41,-8.25
ORD-100989,2024-03-18,CUST-1803,Nathan Evans,West Daniel,West,Furniture,2,728.72,-17.11
ORD-100990,2024-04-12,CUST-9138,Joan Washington,Lake Maryfort,West,Office Supplies,1,819.61,202.48
ORD-100991,2023-08-31,CUST-5689,Michael Dawson,Robertton,North,Office Supplies,7,221.38,60.49
ORD-100992,2025-03-06,CUST-4770,Brian Edwards,Kendrastad,West,Technology,7,510.79,125.8
ORD-100993,2024-03-29,CUST-6772,Carol Matthews,Lawsonton,East,Furniture,2,842.3,8.19
ORD-100994,2024-10-24,CUST-4588,Matthew Chambers,South Stephenburgh,North,Technology,7,735.47,139.87
ORD-100995,2024-04-11,CUST-4115,Kristi Larson,Jenniferburgh,West,Technology,8,546.81,20.87
ORD-100996,2024-02-13,CUST-5106,William Lopez,Jensenport,East,Furniture,1,594.44,28.99
ORD-100997,2025-07-04,CUST-3240,Paul Beck,Samanthaview,North,Office Supplies,9,513.28,-50.13
ORD-100998,2025-03-15,CUST-2591,Tracy Flynn,North Stephanietown,South,Technology,7,304.57,29.11
ORD-100999,2024-10-01,CUST-1645,Samantha Combs,Port Scottstad,North,Technology,3,569.37,-60.88
